5.8571189922e-20
1.5055060680e-20
5.5910968317e-20
3.8361000659e-20
2.1496420109e-20
-1.9068092326e-20
1.9155705246e-20
2.5323864786e-20
5.9231146827e-20
2.3575103907e-21
7.0855417516e-21
-1.1216935853e-20
-3.0266298112e-21
2.5658884196e-20
3.5601053239e-20
-9.5726177946e-20
1.2870569951e-20
-1.8975072374e-20
-6.1132304910e-21
2.0266408233e-21
4.1825525479e-21
3.6255095497e-20
3.9706089874e-20
-1.3647606917e-20
-1.2190113597e-20
-5.3544760534e-21
-1.6808276040e-20
3.6090621967e-20
-1.1564387497e-21
-2.2925073695e-20
-2.8736815683e-20
6.1086585809e-20
5.6707775619e-20
-2.9099716678e-20
-1.6548336933e-20
-7.6369590865e-20
1.3438625710e-21
-1.0153780937e-20
1.4288286978e-20
-1.4529536085e-20
1.5064123402e-20
2.4791339703e-20
3.6210202936e-20
-6.0384353219e-20
3.9530691063e-20
4.3654111157e-21
4.6333134149e-20
3.6267273841e-20
-5.2111730651e-22
-5.5210838745e-20
-6.2743783885e-20
9.0316363853e-21
-3.4604405776e-20
-1.2433795117e-20
3.9105397468e-20
-2.7922933666e-20
-5.0681270874e-21
-1.1988966884e-20
-2.8643751154e-20
-3.9276198826e-20
4.9058754666e-20
6.0492941615e-20
-1.0297881320e-21
2.2812728298e-20
-4.7533779210e-20
4.6118311077e-20
2.8740812545e-21
-5.9068124460e-21
-1.5403127929e-20
-4.8954718176e-20
-1.2804219490e-21
4.0510302914e-22
-2.0917853792e-20
-2.5389905827e-20
-1.0079002678e-20
-3.5812346430e-20
4.5257690889e-20
1.9666623868e-20
-2.6918511643e-20
5.2883813033e-21
1.2353828348e-20
-7.4218016129e-20
8.6121092411e-21
3.5612965369e-20
-2.5647535850e-21
-3.6912558823e-20
4.2731622898e-20
-3.5608082787e-20
5.2690094815e-20
-4.3854944321e-21
-5.5757121342e-20
3.8515408073e-20
-3.3661781083e-20
-2.4370517991e-20
3.8967681576e-20
-2.4988180538e-20
-7.3188030628e-21
-1.1071716197e-20
4.8213813854e-21
-4.0419408736e-20
1.1167135668e-20
2.1008593512e-20
-1.1773480047e-20
-1.8985138860e-20
-1.8176971602e-20
-1.7067319638e-21
2.5936212036e-20
8.4342235702e-21
1.2431459032e-20
-3.5447785755e-20
2.7275391767e-20
3.7624080322e-20
-4.0604483928e-21
3.9053173109e-20
-3.3933196304e-20
-8.1327046701e-20
2.5331312480e-20
3.2899307767e-20
1.7866138101e-20
1.7438955159e-20
1.5048723640e-20
1.7212455732e-20
2.2814958310e-20
3.6074147150e-20
-2.1169236332e-20
1.0471506136e-20
-1.6161460855e-20
8.7010068277e-21
-2.9315945607e-20
3.5034409916e-20
2.8722805519e-20
-1.2939492561e-20
1.5016083680e-21
2.2712957148e-20
-1.4604646724e-20
2.3002784750e-20
3.1453557702e-20
-6.2007141000e-20
-2.8942594914e-20
-1.0819834327e-20
5.8034212026e-20
2.7279589404e-20
1.3009114457e-20
-1.8119933105e-20
1.3511443367e-20
5.0684329832e-20
-1.3517865496e-20
2.3866795697e-20
3.1075580416e-20
-1.1448283442e-21
3.7369927738e-20
2.5506986041e-20
4.6327056528e-21
-1.1765504641e-20
-5.8238725377e-20
-8.8441813922e-21
-5.3653536208e-20
1.3296115340e-21
-8.8860121232e-20
2.7696536672e-20
-4.5910448045e-20
-1.3949152789e-20
5.5163073740e-20
6.5118391898e-22
4.0814042701e-20
2.2934364907e-20
-1.4976493379e-20
7.6365721234e-20
2.6933911321e-20
8.7782504190e-21
4.0842684756e-21
4.3000506653e-20
-5.2380591849e-20
4.4986640015e-21
7.8434931628e-20
-2.4853135749e-20
-4.9457848234e-20
-2.5379762708e-20
1.9856724783e-20
-5.2071951470e-20
-6.9326225125e-20
-6.1298600237e-20
5.9947946227e-20
1.2097206434e-20
4.4303229191e-21
4.6709772682e-21
4.7041150282e-20
1.4619557134e-20
-5.9689501971e-21
1.3844987925e-21
-1.5924744963e-20
2.3817677150e-20
-2.1675418098e-20
1.8754604155e-20
-3.7084299357e-20
1.2410995623e-21
-1.7566111817e-20
1.0591238615e-20
5.6920440625e-20
2.7127561796e-21
-2.6782510976e-20
-9.3276026475e-21
7.0714770510e-20
-1.9171244766e-22
-2.8961486945e-21
5.6981162668e-20
2.3299088930e-20
6.4315410402e-20
-1.4432440679e-20
4.5427715369e-20
-3.0763912396e-21
-2.0755678958e-20
7.6185001465e-20
-2.1871009229e-20
2.9349318049e-20
2.1982557709e-20
-7.1513970211e-20
6.0013483182e-21
-1.3424421585e-20
-8.3086817159e-21
2.3969303627e-20
2.1690274517e-20
5.4724776821e-20
-1.2975268375e-20
8.6095286121e-21
-3.2192059472e-20
-1.3398883810e-20
6.9030089638e-20
-2.5634403680e-20
5.4403021783e-20
2.1827073562e-20
3.4693471464e-22
1.7496067150e-21
-5.5984497451e-20
-7.2791707679e-20
-2.0760614162e-20
4.2518385650e-21
-3.9273830734e-20
5.0836033007e-21
3.8634994642e-20
2.1815909556e-20
-1.5178802781e-20
-1.7589040964e-20
1.2585529410e-20
5.9669387199e-21
-4.1154485160e-20
-1.2245472300e-20
3.1331113972e-20
-1.0516720460e-20
-3.4008562752e-20
-4.3008639314e-20
-3.9462725969e-21
-1.1493287287e-20
-2.9826939739e-20
1.9419824816e-20
-4.8564214084e-20
-7.1927155061e-21
1.3925327882e-20
-3.7721260516e-20
-3.6116751133e-20
-3.1091267481e-20
-5.3930609996e-20
1.5065021545e-20
2.7856297972e-20
2.5107319572e-20
3.4141450168e-20
4.2406777860e-20
5.9306141093e-20
5.0312309602e-20
-1.9618818595e-20
3.2344652681e-20
8.9345643469e-21
-3.0497238905e-21
1.2144991516e-20
3.0743841303e-20
-3.6317245864e-20
7.7988269148e-21
-5.4091294502e-20
-7.9149003990e-20
2.2229196536e-20
9.1960261208e-21
1.9293008987e-20
1.6799560229e-20
1.9286603744e-20
-3.7703794708e-20
1.3133145171e-20
1.5858703678e-20
4.4267191391e-20
7.0176324448e-21
-3.3274220450e-20
1.6020575117e-20
3.1045835283e-20
2.8825896429e-21
-4.4226924319e-20
-4.3794083884e-20
7.3697610089e-21
2.2049428709e-20
-4.9211570854e-20
-1.2171550800e-20
-4.9051011310e-20
-4.0360851040e-20
-1.7241635267e-20
-2.6195592942e-20
-3.9534448149e-20
4.0816149200e-20
-1.9666441918e-21
4.7704337974e-20
3.9901630306e-21
-4.1436244800e-21
-1.7970438410e-20
-6.4802344930e-20
2.2423189872e-20
-1.7111329235e-20
-1.7399106662e-20
-1.6399035515e-20
-2.9189084742e-20
-1.5177605610e-20
-1.5173480784e-20
-5.8802984493e-20
-6.0223445527e-20
-5.3901359321e-20
-5.0017325392e-20
-1.1473768852e-20
4.4163766185e-20
-3.4173694368e-20
-8.4955687167e-21
-4.8031648573e-20
6.7041216165e-21
6.1950339391e-21
-4.2894538898e-20
-1.3795740433e-20
2.6283690111e-20
-3.1542929457e-20
3.2414187343e-21
1.6702869288e-20
-1.2127284039e-20
-4.5427095087e-20
-3.1425201443e-20
1.8718039675e-20
-6.4044665155e-20
-1.3808955294e-20
-8.6633047663e-21
1.7526242339e-20
5.2203784723e-20
2.0486220040e-20
2.2933612363e-20
-2.5226604952e-20
-5.9515090973e-22
5.8658706223e-20
1.9585292777e-20
1.5701010216e-20
3.0140468469e-20
-4.8543806384e-21
3.0648690056e-20
2.2165927621e-20
-3.3022627105e-20
-3.1482196740e-20
1.1239486829e-20
-7.7084572129e-21
2.0191391545e-20
5.4484106973e-20
4.4282030900e-21
1.4666859917e-20
6.5721258757e-21
5.6610464197e-21
1.5316111702e-20
2.6241382532e-21
1.5778521114e-20
2.6223027447e-20
-3.4543444414e-20
9.6005506102e-20
1.2772646632e-20
1.1393558390e-20
-1.6146973265e-20
-4.6727206139e-20
-4.8930709392e-20
-7.8324770722e-20
-2.5225921212e-20
-5.4667680277e-20
-6.6476005599e-20
-1.1586548508e-20
2.0248603017e-20
-2.0859596627e-20
5.5251816228e-20
4.8304172492e-20
8.9384652687e-21
3.5961867434e-20
1.9541960504e-20
2.0515359259e-20
-3.0634673678e-20
1.2630547550e-19
3.9155431390e-20
2.5136717639e-20
3.4333747238e-20
6.6850444517e-20
4.7854139419e-20
-3.5988742506e-20
4.3188932736e-20
-9.7204145548e-21
-7.8416421299e-21
2.9809952555e-20
7.4070189436e-20
-7.1552644924e-21
4.6014421840e-21
-4.8318916212e-20
2.6631328095e-20
1.7924618702e-20
4.9374707442e-21
-6.7031509253e-20
1.9136220470e-20
9.9083685318e-21
1.0375951161e-20
-3.8778056449e-20
-5.1262921228e-20
-4.2132003057e-20
-6.2753808953e-20
-2.6367514652e-20
1.7486351970e-20
8.4786313549e-21
3.3526191404e-20
2.6146125982e-20
9.2618081717e-22
-4.7496533548e-20
-1.9059410866e-20
5.9368735353e-20
6.9172937506e-20
-5.0898121280e-20
-4.7612918088e-20
4.9850685523e-20
1.9288995729e-20
-6.7804859720e-20
-1.2426872334e-20
-4.9891590456e-20
2.7391762275e-20
-1.1020830598e-20
1.1426155040e-20
7.1344473976e-20
-3.9306642607e-20
-5.1864161479e-20
-4.4057060445e-20
-2.4865166939e-20
1.9589979520e-20
3.2204900373e-20
1.3593965975e-20
-7.9502031420e-21
-3.3089624645e-20
-5.1104249844e-20
-2.4765136873e-20
-3.4238643001e-20
-3.4511721586e-20
3.0862512135e-20
-3.3372699801e-20
1.5278712386e-20
-4.1320966140e-20
-5.6537111001e-20
-4.2983409232e-20
-1.7972186253e-20
2.4233383801e-20
-3.0872070092e-20
3.9681325382e-20
-3.7652006958e-20
-3.4564350903e-21
-9.6787284508e-21
1.6800201556e-20
-7.0382805897e-20
4.7734049430e-20
7.8754111560e-21
5.6399347723e-20
1.3694139325e-20
-2.5954895402e-20
5.6711637931e-20
-3.2720469499e-20
-2.5374094764e-20
-1.3031491779e-20
-1.8514067959e-20
-2.3492905974e-20
-5.2357566749e-20
2.6171427355e-21
6.4877286238e-20
-8.8501799229e-21
1.8714680682e-20
1.2276156267e-20
-6.4439318920e-21
-2.9599666266e-21
-1.2033939656e-20
1.1680727850e-20
-3.9452530806e-20
-9.3735054194e-21
3.3347336210e-21
-4.0651671422e-20
2.3062412071e-20
2.7404304151e-20
-6.3539420351e-20
1.7750863666e-20
-3.2270123069e-21
-1.5528868634e-20
7.9970152370e-21
9.2501303736e-21
2.8053371389e-20
1.4135654072e-20
1.6144766523e-21
-4.5426047971e-20
-8.0319222596e-21
-3.8340025661e-20
3.4649368800e-20
-2.0978758522e-20
-4.5167960990e-20
-4.1807542178e-20
5.5980411862e-20
9.9542208839e-21
-1.1718780849e-20
3.2012634206e-20
-9.2510704448e-21
5.3628117864e-20
-2.8252759212e-20
-2.5407574885e-20
-3.2648772425e-20
-9.4868221802e-21
-9.3255152018e-21
1.3597837330e-20
4.8306863352e-20
5.5900025963e-20
4.1142972926e-20
3.8916038743e-20
2.1438730785e-20
1.5456674140e-20
2.8059584533e-20
3.2635009426e-20
1.2292555480e-20
7.6405364803e-20
2.3667228413e-20
-4.2032056242e-21
-5.6019372058e-20
3.0779721244e-20
-7.1155358744e-20
-4.3264028778e-20
-2.7362391696e-20
-5.9290034650e-21
2.9361621580e-20
-9.9317120410e-21
4.8628830807e-20
2.0344614568e-20
4.9813270810e-20
-3.9754254405e-20
-3.4084321267e-20
1.8408841018e-20
-4.2147424701e-20
-3.6886256269e-20
4.0033529288e-20
-2.1098276417e-20
-1.6270756233e-20
-6.2153383722e-20
-5.3133647117e-20
3.7100075476e-21
1.0089955393e-20
2.4464665443e-20
-1.8234157053e-20
2.0053156523e-21
8.0647885482e-21
-3.6327660368e-20
-1.3593530988e-21
3.9904605008e-20
2.0417197105e-20
-1.2103605561e-20
1.3481278098e-20
3.4346579197e-20
1.0235045890e-20
-1.0599314167e-20
-9.8323158602e-20
-3.8553123306e-20
-6.0617299829e-20
-2.9564821133e-20
1.2110954023e-20
1.5229139201e-21
-6.9232261882e-20
-3.8296457936e-20
-1.2073374439e-20
4.1895727355e-20
-3.1986603784e-20
5.7368573996e-20
2.4236764008e-21
7.1628741560e-20
-2.0057097984e-20
2.8217215430e-20
-4.4208342926e-20
2.9446443452e-20
-2.8625548931e-20
-4.2118718758e-20
1.1721092329e-20
4.2576470185e-21
5.6772785318e-21
-4.6190569520e-20
5.5820954625e-20
2.6985814072e-21
1.0940269734e-20
-2.2418321696e-20
-4.2709641109e-20
5.3416128613e-20
4.4940244583e-20
1.9499822505e-20
-2.1132418142e-21
1.4989793264e-20
1.2331366257e-21
2.6764683023e-20
4.0658098547e-20
-8.6842600325e-21
-5.0729571147e-21
-4.7495350940e-21
-1.0157920575e-20
-2.8965626345e-20
-2.7686386648e-20
2.0890845238e-20
-3.2133743886e-20
7.9529667449e-21
-1.1271455355e-21
-3.9868816281e-20
8.1366904025e-20
4.1955809398e-20
7.4869296405e-21
1.2297061171e-21
-2.8243199826e-20
-5.2754081033e-21
-3.1434870895e-21
1.7186029615e-20
5.3409737390e-21
-3.8924128840e-20
-2.5254846169e-20
3.0420301671e-20
7.6723493083e-21
1.9580287918e-20
-2.3131237603e-20
3.0374111467e-20
-1.0300027835e-20
-7.9169578835e-22
-3.3654040184e-21
-2.1033965921e-20
1.7233118560e-20
1.8254516641e-20
-7.2416147566e-22
1.9736472162e-20
-2.0736134825e-20
5.0676335624e-20
-1.7003491024e-21
-4.2411017795e-20
3.7697940336e-22
-1.2968552796e-20
-2.0947114128e-20
5.4948803237e-20
-7.3912937205e-20
5.1318838499e-20
7.3861476868e-21
-2.0152684538e-20
7.6406135657e-20
5.4599178453e-20
9.7500678346e-21
2.8619967803e-21
-6.5014671979e-20
-2.2657767081e-21
-2.9177667796e-20
1.0632386846e-20
5.2322463096e-20
-5.0822654218e-20
-4.4542140207e-20
2.5060636598e-20
-3.1563287955e-20
-2.5285735368e-20
-2.8536529267e-20
6.0221596497e-21
2.9794060648e-20
3.1651650505e-20
-2.5741455358e-21
6.1040451756e-21
-1.8239076831e-22
4.3428387666e-20
3.8550612762e-20
3.5743115941e-20
3.1409304838e-20
-1.8254635115e-20
-4.6598275129e-20
-4.1547484193e-20
-3.4469295055e-20
-1.3714384715e-20
4.2478319406e-20
-5.9133483854e-20
-2.7443421853e-20
-2.9436414670e-20
-1.1408552437e-20
-2.6788805415e-20
1.0422872948e-20
2.8852146270e-20
6.3985114465e-21
5.1062945545e-20
1.8120899888e-20
1.1275735193e-20
-1.8181448350e-20
-1.5849455061e-20
-4.9160334810e-21
1.0968947365e-20
-2.6321114627e-20
-5.5830118918e-20
2.5954553086e-20
4.1040043010e-20
-3.5413103118e-20
-4.7312434919e-20
-3.9523583683e-20
-3.6454806780e-20
1.9238433922e-21
-8.2174456721e-21
3.7706854857e-20
1.6551420701e-20
-4.1555353398e-20
-2.5653834271e-20
2.0684288330e-20
1.9027380747e-20
5.0569176541e-20
-4.6135266217e-20
-4.4946897198e-21
-4.2356455012e-20
1.0798962391e-20
1.5462097333e-20
1.8528139279e-20
3.2633493859e-22
3.7156279138e-20
-1.4828271831e-20
-1.7601960383e-20
-1.3923382896e-20
-8.7698873585e-21
1.3231228267e-20
-2.5958820357e-20
3.2095550416e-20
2.1917989059e-21
1.0961351975e-20
3.8223688217e-21
-2.3861421528e-20
-1.2196736440e-21
1.2205523293e-20
6.8260564274e-21
-1.3469883565e-20
8.4245419198e-23
-2.8300603116e-20
-4.3116902285e-20
-7.2761052135e-21
-1.3246750244e-20
9.8435010425e-20
-4.5699439526e-21
2.2813182985e-20
1.1280318031e-19
9.9637775395e-21
-1.2734441441e-20
-1.0896527075e-20
4.8807025759e-21
-2.3235983405e-20
5.7296762445e-20
-2.1287467647e-20
-8.1707254206e-20
7.8197733328e-21
-4.1911807998e-20
2.7357174524e-20
-1.9479033206e-21
-2.2923842847e-20
-3.9915810778e-20
1.5284448918e-20
2.2282661610e-21
2.6138015510e-20
6.1789511194e-20
4.1795588435e-20
-1.2044184358e-20
5.4739148418e-20
-3.9242623625e-21
3.7784338864e-20
-2.0323435651e-21
2.7697971943e-20
-1.5917486446e-21
-5.8761610052e-20
-2.2937602645e-20
2.3367116979e-20
-9.4766407834e-20
-3.6085003119e-21
5.1561878166e-20
-8.2955504387e-21
-2.6341046883e-20
-1.0938163458e-21
-1.3366892270e-21
-1.2176531473e-20
-3.8640106802e-20
2.3050072969e-20
2.5506487189e-20
-2.0420212690e-20
2.3241165708e-20
-1.0278669927e-20
-3.7945565133e-20
-1.5696575544e-20
-4.3215338936e-20
-1.6344918610e-20
-9.7665066779e-21
4.4070594395e-20
5.6274316018e-21
-5.7760884756e-21
-5.0026566188e-21
1.0863883192e-20
-2.3826832641e-22
2.8555131094e-20
1.4596336294e-20
4.5882803546e-20
3.6802592297e-20
1.3690846172e-21
1.4685046216e-20
5.0775074748e-21
-6.6133212798e-21
-1.4832825135e-20
-9.1999670287e-21
1.0876361652e-20
-1.1040091253e-20
-9.7246433756e-20
-4.5636891158e-20
1.0313250778e-20
7.7101539929e-20
9.8547826506e-21
-3.3871247218e-21
1.5200837546e-20
6.5083229835e-21
9.7592883521e-21
2.3820064922e-21
1.3874767686e-20
4.7063035214e-20
9.4167729104e-21
2.6064456951e-20
-3.0585619395e-20
-6.1894483154e-21
-6.6131035931e-21
-5.8781863822e-21
-7.4889351879e-20
-3.6290401683e-20
3.0644506591e-20
-4.1494364318e-20
5.4681198088e-21
-5.0651242056e-20
3.7278890080e-20
4.0935052057e-20
4.0462504020e-21
-2.8347838234e-20
-3.7565746196e-20
4.1291494624e-20
2.0718453091e-20
-3.9048199583e-20
4.1578072329e-20
-4.3417522931e-21
1.6464061692e-20
-1.1003928162e-20
-3.8999000321e-20
-4.2952777458e-20
6.9960571993e-21
-2.3490446956e-20
9.1318021486e-21
4.9609947123e-22
2.2754652948e-20
5.7967467083e-20
2.5014646809e-20
-1.1585676912e-20
3.5637377442e-20
3.2222825344e-20
-1.9534405917e-20
-2.5470815570e-22
-1.7785210636e-20
1.4822807949e-20
-7.6637764468e-21
-2.9718666340e-20
-3.7918306048e-20
-2.5293347536e-20
-2.3469645190e-20
-4.3795383682e-21
1.4531435155e-21
-7.0048106378e-20
1.1936501472e-20
-3.5366671189e-20
3.9894363743e-20
6.6126218611e-20
-4.2813371763e-20
-2.4552617358e-20
3.3295545754e-21
3.2232913340e-20
4.1182664723e-20
4.1972744353e-20
-7.9677614472e-20
-5.9914844289e-20
-1.7468176810e-20
-9.1183363694e-20
5.5747359414e-20
-3.0420086180e-20
-3.0388258249e-20
-2.5628978591e-20
-5.7099076638e-20
4.6731392241e-21
-4.1458710606e-20
2.7496288812e-20
-1.7364806424e-21
2.1705228836e-20
2.0091830669e-20
5.2858128308e-20
-1.2056973211e-20
2.0162284754e-20
-2.0904905077e-20
5.4043934340e-20
1.4259098218e-20
-5.0106596190e-20
-4.1642141768e-20
-2.7800720395e-20
6.2478015477e-20
-2.2408035171e-20
3.9116609267e-20
-1.3919296079e-21
-2.1528476308e-20
3.1190864338e-20
-1.7636951076e-20
-1.3163242270e-20
-1.9110574875e-20
7.7728928307e-21
2.5779557609e-20
-2.1843963621e-21
-3.9559243195e-21
1.6937483999e-20
-2.1043243224e-20
4.2970222941e-20
-2.1943650321e-21
6.5470612726e-20
2.8497467469e-20
1.7564158090e-21
-8.6471145471e-21
1.5929348562e-20
2.4124817643e-20
-3.3200012028e-20
-4.6329654588e-20
3.3600400018e-20
-5.9491156234e-21
3.7651464954e-20
-3.6785007450e-20
2.1002318239e-20
1.8345278041e-20
-2.9667690770e-21
-2.5170334626e-20
1.5322888294e-20
3.3433160083e-20
-3.0510491311e-20
1.8734241541e-20
2.2031588607e-20
-5.7906029708e-21
-2.1953020779e-20
-1.0539411782e-20
-3.7448485688e-20
-1.4757669156e-21
3.6254450937e-20
4.1899237480e-20
-9.8593159379e-21
2.3885200324e-20
-1.5836709323e-20
-2.0460867413e-20
2.6054485864e-20
-2.2729665890e-20
-1.8451666409e-20
1.2062427286e-20
-6.5002224979e-20
-6.2520227329e-23
3.7683652432e-21
1.1604391913e-20
2.4810805526e-20
5.2571227434e-20
-8.4847010510e-21
2.4327616006e-20
-3.4338513600e-20
-4.8922042366e-20
-5.8994594244e-21
1.4769245185e-20
-5.5139454428e-20
7.1873276987e-20
7.0978627129e-21
-1.9675406593e-20
-5.1510768603e-21
3.7485484360e-20
-6.3910970275e-21
9.4551093021e-22
-1.4421183889e-21
-3.7272063644e-20
-1.3004092783e-20
5.0588375617e-20
1.4629919391e-20
5.9018039687e-20
6.8190130953e-20
1.0829470000e-20
-2.3472392930e-20
-5.0912721265e-20
-5.6050531502e-20
9.6541873178e-22
-2.9250291025e-20
1.8132847290e-20
-9.5899920537e-21
1.8760975155e-20
-1.1895477854e-20
3.9587438958e-20
3.3541189346e-20
5.0344485714e-21
-1.5647566394e-20
-1.0816483336e-20
2.1794895682e-20
-5.1222863002e-20
-1.2515563883e-20
6.9823367223e-20
-1.3365690156e-20
1.8104032894e-20
-1.4748033715e-20
1.0906833334e-20
2.1417733304e-20
2.3029834451e-21
-3.5258378927e-21
4.9656465872e-20
9.5825059888e-21
8.0894405019e-21
8.4558389613e-20
1.2028253366e-20
1.1736205828e-20
3.2695445469e-20
5.7231973302e-21
2.8244797376e-20
-2.9117790467e-20
1.1304113037e-21
-3.5314212948e-20
-4.3501577930e-20
-1.7318714343e-20
-2.5033439827e-20
-8.1053328069e-21
7.0389433754e-21
-3.0421083838e-20
-3.0517678722e-20
-9.1334530879e-21
-2.7109990986e-21
-2.9568964504e-20
4.4569505332e-20
4.5311261024e-21
-3.5254561254e-20
4.0785679844e-20
-4.4279595950e-20
-1.2352725527e-20
6.0818550113e-20
-9.7721086818e-20
-3.0134537122e-21
-1.3765151565e-20
-1.4090942769e-20
-4.1402260136e-20
-4.7641698161e-20
1.7660981810e-20
-3.4717697346e-20
4.7622232219e-20
-1.1542707861e-21
-1.9465693638e-20
-5.3576796530e-21
4.7329843791e-20
-1.6137027205e-20
3.4665510553e-20
-1.3062102821e-20
-1.3972802958e-20
8.3968651868e-21
2.4821845707e-20
-8.7660262453e-20
-3.0020286246e-20
-7.0638088426e-21
4.9745416611e-20
7.5056322166e-20
5.5816981317e-20
-1.2796001046e-21
-5.3954531479e-22
9.6590253666e-20
4.7639189954e-20
-6.9208104639e-20
5.9846539481e-20
-6.3501265657e-20
-4.4143087747e-20
-4.1488121404e-20
-1.0702486177e-20
3.7933585020e-20
-2.6754393731e-20
-5.0434810799e-20
3.6473829597e-20
-1.2615885511e-20
5.3533156582e-20
8.8387126068e-22
4.1867072668e-20
2.4916581565e-20
4.0930584677e-20
4.1876387938e-20
1.0587429348e-20
4.2942071795e-20
2.7434914355e-20
-9.8957187502e-21
-3.6730617878e-20
-4.3326708722e-20
-8.4588699218e-21
6.0556419106e-22
-5.4684255836e-20
-2.2641174949e-20
2.9185864431e-20
-9.6687041499e-21
-1.8887803509e-20
3.3968096443e-20
2.7960744285e-20
-1.1806662960e-20
-7.5606067387e-22
8.4719607024e-21
2.6054825449e-20
-6.2289315812e-21
-1.9651939061e-20
5.2969487574e-20
5.3526721064e-20
-1.3489781199e-20
3.5274530983e-20
-7.6536597129e-20
1.3923955714e-20
-7.8758460816e-21
5.6188964172e-20
1.1294102064e-20
4.3053377833e-20
1.4865334981e-20
-1.4023519756e-21
-1.3810341567e-20
2.3446206353e-20
4.1923247481e-20
9.5631967313e-21
2.7445785139e-20
-1.4990560004e-20
-6.8893609959e-20
-2.7275391207e-20
3.6891096511e-20
-5.3388421800e-21
-2.0355105870e-20
-2.3104506600e-20
4.3246996440e-20
6.2189752093e-20
2.6701232812e-20
-9.7555647053e-21
-8.2442219092e-21
2.9590898453e-20
-3.1351977145e-20
2.3187584161e-20
1.6627269028e-20
-3.8833245110e-20
-4.8305538130e-21
3.6055233471e-20
-8.1718240024e-20
-1.2888993136e-20
2.4484218965e-20
4.1164108820e-21
6.0671922589e-20
-2.1498577282e-21
2.1612655504e-20
2.6150463423e-20
-5.5014279661e-22
4.6985720792e-20
3.3959672213e-20
4.7544597943e-20
5.1114128771e-20
-5.3179545726e-20
1.1096581368e-20
-3.2873838175e-20
5.9878690974e-21
1.6028476422e-20
-3.2929199407e-20
-5.2795666977e-20
2.7177955237e-20
-4.2434226908e-20
2.3000554524e-20
4.8486369713e-20
-4.3893480383e-20
-1.9485887830e-20
3.9046428247e-20
6.3891378148e-20
-1.4836641144e-20
3.4544892774e-20
3.8141573431e-20
2.5214006914e-20
1.2207905076e-20
-2.4574409405e-20
-7.4014549578e-20
-2.1182350875e-20
-4.4182657691e-20
7.6736859512e-20
-1.4503753944e-20
-2.7666003613e-20
1.8071448282e-20
-6.6902915861e-20
5.0184687830e-20
3.0055999851e-23
1.6568297330e-20
1.6472268651e-20
3.1025855731e-20
-5.1847165544e-20
-1.5792928036e-20
-5.9598230837e-20
-1.9514916034e-20
-3.1406062773e-21
-3.8335837451e-20
1.2452613073e-21
-2.7885198484e-20
3.0414044814e-20
1.4122070390e-20
1.5337060105e-20
-3.1473333497e-21
6.7824677376e-21
6.3950862248e-20
1.0863511830e-20
-2.9024206747e-20
5.8095692613e-21
-1.8658396223e-20
-4.7121758988e-20
1.4559672359e-21
-1.8101537012e-20
-2.5943319564e-20
-2.9511415594e-20
1.1349069383e-20
2.0573128914e-20
-4.4591187082e-20
7.4141055181e-20
-2.3000142923e-20
-2.9605897190e-20
3.1758332978e-20
-6.6444353719e-21
1.0756365755e-20
3.0364493478e-20
1.0270252361e-20
1.8264748604e-20
5.7609492361e-20
9.1688722677e-21
-3.6124990375e-20
2.8227281612e-21
-1.3312034637e-20
-2.5213557803e-20
-2.6755643001e-20
-2.9048666089e-20
5.2603867188e-20
2.8711200378e-20
-5.4415434243e-20
-1.4912985393e-20
5.1299051250e-20
-3.2711028384e-20
-3.8299224196e-20
-2.2378596985e-21
-4.5405718767e-20
3.7381717214e-20
-4.4008888470e-20
2.9819689038e-20
6.4594859785e-21
1.3556276925e-20
5.0351933096e-21
9.1108176182e-21
-3.7967779701e-20
3.0912984306e-20
-1.3255870313e-20
8.7404123214e-21
6.3519918202e-21
-2.0647829876e-20
3.4800333759e-21
3.8925112857e-20
-9.0966437423e-21
-1.1410937851e-20
1.1116507925e-20
3.9994423978e-21
1.9880735623e-21
1.3146671057e-21
2.3306450358e-20
1.9932650372e-20
-8.5718244564e-20
-2.5850303400e-20
-3.0886719240e-20
7.0812732191e-21
3.4101488409e-20
3.8509016197e-20
2.8952067989e-20
1.7495357580e-20
-2.6403028685e-20
-3.6177326132e-20
-1.8346100694e-20
1.0854212319e-20
2.4053662806e-20
-5.2068631408e-20
6.2782438199e-20
-2.5331002625e-20
5.5762261726e-20
3.5930711348e-20
-1.3633786938e-20
5.0061035296e-20
6.0132251544e-20
1.4756980905e-20
2.9484722081e-20
9.6889612119e-20
4.5910279478e-20
5.7696960489e-20
1.6274536743e-20
-4.4797880060e-20
-2.0355085112e-20
2.7226507256e-20
7.3373565337e-20
1.4433881789e-20
1.5065091244e-20
4.2773863331e-20
-1.0365531079e-19
-6.9023793193e-21
2.8424177978e-21
1.2895155095e-20
-2.7253071464e-20
7.9804624406e-21
1.1405540102e-20
5.5735400011e-20
5.1389676434e-20
-6.5097860796e-20
-2.2182931759e-20
2.7257278466e-20
-1.7572406286e-20
-2.5549520265e-20
-2.4278371565e-20
-1.1013866620e-20
5.0755062476e-20
1.0576537378e-20
-1.6826296202e-22
3.1847853836e-20
-9.6311985066e-21
-3.3466743153e-20
3.7769355332e-21
3.0436197829e-20
4.1204594745e-20
-7.3584319771e-21
-3.2716019996e-20
8.0411390843e-20
-1.3012922826e-20
-8.9830197339e-20
2.4658982215e-21
7.4469210528e-21
4.3619017074e-21
5.7339688883e-20
-3.3910557637e-20
-2.1840140367e-20
3.0536356078e-20
-1.1882918897e-20
-5.7639297404e-20
7.6756777794e-21
1.8077183288e-21
2.5241323973e-22
-4.9754310637e-20
-2.5525962498e-20
7.2003511118e-21
-3.1941019238e-20
8.3333870260e-21
4.2446402862e-20
6.6898079534e-20
6.1504039241e-21
-4.1587360053e-20
2.3451421571e-20
-3.4662326833e-20
3.3900912397e-20
-4.7548083231e-20
3.7787683699e-20
-3.5304370993e-20
-3.7031637284e-20
-8.3473908407e-20
1.1292653740e-20
-9.1705688007e-21
-7.6015558888e-20
-5.3439197493e-20
4.5446934480e-20
-4.7020373699e-20
2.5941585038e-20
3.8847470571e-20
-5.4141160353e-20
6.7253704651e-20
-1.3603650277e-20
-4.7003821494e-20
4.6385368443e-21
-3.2024741966e-20
2.2631857986e-20
4.0544717423e-20
7.0631831868e-21
4.7198636950e-20
1.1478975306e-20
-7.8498899916e-21
1.5044577004e-20
4.8044026912e-20
3.9161951169e-20
-1.3373666549e-20
3.9515973171e-20
5.0499114757e-20
3.2732974166e-21
-3.0938582821e-20
-3.1294530665e-20
-7.9503208159e-20
-7.0670645023e-20
2.7381476752e-20
2.0621009881e-20
4.9010902973e-20
4.9222535175e-20
3.1134179809e-20
-1.1594760035e-20
3.4823433926e-20
3.8515842817e-21
7.1399726902e-20
-4.4556630247e-20
-5.5708786048e-20
8.1361951371e-21
7.6483086096e-21
-2.8651002744e-21
-1.6557365045e-20
-1.4639303185e-21
-6.7089541061e-21
-1.5535662005e-20
-2.5400884900e-20
-5.8214904924e-22
-1.7412101883e-20
1.1853197180e-20
1.6932845185e-20
1.4032428049e-20
1.9946463693e-20
2.2760482490e-20
-4.3704312193e-20
1.1223146040e-20
-3.5518316384e-20
-3.3310392649e-20
-1.2917552188e-21
3.8503175407e-20
-8.9210134424e-21
-2.2542535772e-20
5.1151881971e-20
4.2396998132e-21
4.7299834072e-20
4.1089963333e-20
2.2937378747e-20
5.2262337131e-20
3.2839399462e-21
2.7803580701e-20
-5.4763259879e-20
-4.5551078707e-20
-3.0393959536e-20
-7.8480914455e-20
-1.8289258285e-20
2.5620174871e-20
-2.1559476696e-20
-1.8562655100e-20
-2.0742746643e-20
-8.9088420494e-21
-2.0058477651e-20
3.3197054731e-20
1.7619614593e-20
6.5324528084e-20
-5.6287420781e-21
-5.8155819778e-21
4.0056603808e-20
4.7235440293e-21
3.5128997008e-20
3.1595440103e-20
-6.2639646719e-20
-3.8912126367e-20
3.2371433491e-20
-2.5117764885e-21
1.4987170864e-20
1.8624775374e-21
-2.0920211312e-20
1.5039200340e-20
-3.5512284586e-20
-1.7434039221e-20
-4.6997362154e-20
-3.7126734293e-21
-6.2096593577e-20
-8.1924238180e-21
-3.7109870667e-20
-2.2727224057e-22
-3.7360002043e-20
-5.4751035549e-20
-1.3831085363e-20
5.3616518627e-20
-1.2983235161e-20
-7.1162345342e-20
5.7252148882e-20
3.8988937840e-20
1.0331745006e-20
2.2074698588e-20
3.8729814848e-20
-4.5931386988e-20
-2.2886845118e-20
-8.3906794612e-20
1.0163023096e-20
-6.1435518009e-20
3.6806021155e-21
-4.1487605415e-20
3.4501895271e-20
2.9513675130e-20
-2.9296235780e-21
3.8027006471e-20
1.9669434414e-20
-1.5305967884e-20
-1.4086400815e-20
4.6318359857e-20
6.9567635712e-20
-3.7814962651e-20
-5.0305183969e-20
-2.7948116803e-20
2.0370271032e-20
6.7315455632e-20
-6.8393900504e-21
1.4033844160e-20
1.6798982483e-20
2.9558597418e-20
4.2465169204e-21
-4.5592020785e-20
1.7466500855e-20
6.7254702533e-21
1.8677766213e-20
-8.0816826018e-20
3.2541406919e-20
-8.2395261932e-22
3.0224742630e-20
3.2128927068e-20
4.5263460427e-20
3.7123810926e-20
-3.1799801904e-20
4.8203274695e-20
6.1805741397e-20
4.0511550623e-20
-1.7944186841e-20
1.2349250087e-20
-3.3817209963e-20
-2.9455259780e-20
5.3603103178e-23
-3.4270705636e-20
1.2614840378e-20
-1.4193629409e-20
4.8360332884e-20
3.2451568056e-20
4.4331074246e-20
3.8714015885e-21
-3.7170756606e-20
4.4637252670e-20
4.2660290962e-20
5.0866343407e-20
6.3511572559e-20
-8.8116860038e-21
-7.4848395894e-20
-5.3849049090e-20
1.0023802334e-20
-2.4581676369e-20
-6.3370202891e-20
-1.6815990666e-20
-1.7516852748e-21
3.4518082480e-20
-6.2014251893e-20
1.9377044694e-20
1.7523555148e-20
-8.4960237941e-21
-1.3962618640e-20
-3.0778124321e-20
-2.3155514184e-20
1.2131178883e-20
2.6937467497e-21
-4.4090517320e-20
-8.1580111907e-21
-2.5738298250e-20
-1.6528078228e-20
2.8394724232e-20
-4.7574001904e-20
2.0074313033e-21
6.0608990397e-20
-3.6850802739e-20
1.0903626852e-20
1.4858558197e-20
-5.3233671188e-20
7.5174193601e-20
-2.1718369137e-21
1.6846162776e-20
-3.9315431404e-20
-2.8328688028e-20
-3.8963666324e-21
8.5103272413e-21
-6.2128877129e-20
6.3312455575e-20
9.4754903679e-20
2.6913721424e-20
3.8726489331e-20
-6.2538043050e-20
-4.1683268496e-20
-4.2222386445e-21
3.9283465055e-20
-2.3349894853e-20
-5.3201088143e-20
-2.4611266319e-20
5.4007331709e-21
8.5564553278e-21
6.9948341587e-21
-2.1177417831e-21
9.8423827584e-21
9.2485435011e-21
2.9049878665e-20
6.2754580343e-21
-2.8181858442e-20
-2.5056811115e-20
1.3564689996e-20
-4.0161900802e-20
-7.9734594311e-20
-9.9313499871e-21
-2.3789406270e-20
-1.0258010628e-20
-5.0291123030e-21
2.3508831015e-20
-1.3200234300e-20
3.9195486312e-20
-4.1599347409e-21
2.6577003742e-21
5.8735068044e-20
-2.6466075267e-21
-1.7050500444e-21
-1.0432924666e-20
1.3346593904e-20
4.3340706515e-20
-4.4786192240e-20
-1.8783558445e-20
-2.5203855203e-20
-6.3344770125e-20
-8.2852093797e-21
2.3060894272e-22
-1.3442211490e-21
1.2040672371e-20
5.8098801506e-21
6.6660157508e-20
2.4123479104e-20
-4.5255963476e-21
-4.9391125970e-20
-2.6323137735e-20
1.4011713886e-20
1.0804582365e-20
2.0406092940e-20
-2.8532318745e-20
-4.5712814448e-22
1.4163344232e-19
5.3475392788e-20
1.7787440217e-20
4.2829554351e-20
4.3933519217e-20
1.3300632581e-20
-2.1409082659e-20
-7.0511308548e-22
-1.8880843153e-20
-4.4245275640e-20
-3.2514029731e-20
-2.8411455249e-20
-1.1484895349e-20
3.1004311879e-20
6.9896845788e-20
-1.3136470522e-20
8.9302549624e-21
3.3671283284e-20
5.9449179568e-20
2.1405196532e-20
9.1294358357e-21
1.8559661843e-20
-4.9507876527e-20
-2.9820054512e-20
5.3586679314e-20
2.3791186664e-20
-9.6558191311e-21
-2.3437385840e-20
-1.1101627550e-20
3.5167912914e-22
4.2705846723e-20
8.7367821915e-21
2.2377580691e-20
-5.8820192957e-20
1.9163410589e-20
-8.1136520992e-21
-4.0632759353e-20
-5.0297497471e-20
-1.4902278330e-20
5.8229925748e-20
7.8690750726e-21
4.2749232132e-20
-3.3026100183e-21
4.5622386700e-20
-3.1577726929e-20
3.1673329536e-20
2.8504293696e-20
1.4356222070e-20
-1.5077268493e-20
4.8776702219e-21
-4.6852975348e-20
-3.1835448556e-20
-4.0764215810e-23
-2.0985321282e-21
1.9556160451e-20
1.5859791631e-20
-2.7977179784e-21
-5.9038660453e-20
4.5387293693e-20
-2.0642190006e-20
1.1843491616e-20
-3.8159063513e-20
-1.7796934125e-21
-3.1935564501e-20
2.4403272585e-20
-5.7297312806e-20
-2.8964577818e-20
-6.7784409466e-21
-2.3650228609e-20
-2.3463115102e-20
3.5856310209e-21
5.1118493784e-20
4.1035934281e-21
-5.9259455002e-20
8.6406410660e-20
-3.3505522267e-20
1.3802629803e-20
-4.6010084315e-20
-5.1906733357e-20
1.8785874143e-20
6.3484135014e-20
-3.1694447387e-20
-1.2120947175e-20
-2.4553235358e-20
3.1211046220e-20
1.1186689435e-19
5.1960379782e-21
2.8398858951e-21
1.9758065399e-20
-4.1429087451e-20
4.4148098258e-20
-3.7625716764e-20
6.9507582063e-21
-8.0120163927e-21
-4.7400542640e-20
-1.3070287606e-20
-1.3238019328e-20
4.3268211533e-20
3.1177083002e-20
1.2090110575e-20
-2.2505108000e-20
2.4723000008e-20
3.5076857413e-20
-1.4317230371e-20
-4.0331075966e-20
-3.0319459512e-20
1.6018848438e-20
6.2639867021e-20
1.2759558757e-20
2.7172958332e-20
-7.6658355735e-20
-2.4393758964e-20
-1.5016736750e-20
1.4572296623e-20
1.5757602522e-20
7.7094063079e-20
5.5929654610e-21
3.5333769923e-22
-5.0305609042e-20
5.3845993095e-20
6.5220759721e-20
-3.5911233740e-20
7.3737054204e-21
-2.5491744940e-20
2.2864411708e-20
2.2194020002e-20
1.7531941120e-20
2.2752280968e-20
-3.1445165949e-20
-1.5713199782e-20
5.6446688640e-20
-2.2448798586e-20
-4.1135214122e-20
-5.8051116332e-20
-1.1899484648e-20
5.6284266165e-20
-5.1110792864e-20
1.0840159218e-20
4.5840477089e-20
-1.3291991429e-20
4.4901462629e-20
3.2435459184e-20
1.0960219683e-20
-7.3418980483e-21
1.3682743260e-20
5.3840946623e-20
-2.1367078596e-21
-5.4328914198e-20
1.9444433481e-20
3.6477496860e-20
-1.9222642982e-20
-6.2973774263e-21
5.1053683313e-20
-9.9115411686e-21
4.5258365169e-20
4.4974289265e-20
1.8078457794e-20
-9.4423257579e-21
-8.2997839681e-21
6.9386464100e-20
-3.5796224685e-20
-5.5191651590e-20
-4.6903788347e-20
1.3241631471e-21
-5.7819612512e-20
-4.2055880887e-20
5.7622248370e-20
5.3616346369e-21
-1.3692948906e-20
8.1822188560e-20
1.9721887329e-20
2.9882210866e-20
3.8401850167e-20
5.0264641319e-20
9.2272395078e-21
1.2955438541e-20
1.7789902230e-20
5.8202013297e-20
-2.8758125447e-21
-2.4028098482e-21
3.1006327016e-22
1.1382181647e-19
2.2159364022e-20
-2.7661167435e-20
-5.4265198278e-21
1.5751610451e-20
-5.1789255033e-20
2.6667074826e-20
-3.6622679138e-20
1.9498129757e-20
1.7192959022e-20
3.6207963472e-20
3.5683825885e-20
-3.6318878077e-20
7.2867667903e-20
2.0878959004e-20
-3.2079858083e-20
6.3257729931e-20
-2.3385397488e-20
-3.9322259087e-20
-7.8011976450e-20
-2.7520699969e-20
-5.4358195024e-20
-2.3724101705e-20
-2.9735396659e-20
-2.2606062960e-21
2.9265619575e-20
8.9697739542e-21
1.0436175379e-20
8.3770127635e-22
-1.7094036535e-20
-1.3742158254e-20
-1.1377428121e-20
8.8406133628e-21
-2.1634533238e-20
-5.1645283957e-20
8.8748941133e-21
-1.6437067143e-21
5.3287895892e-20
1.5553806501e-20
-1.8288410790e-20
-5.5390501085e-20
-4.8261919672e-20
2.7479904342e-20
-3.1279522028e-21
-1.3577694394e-20
-2.0232983089e-20
7.5817482142e-20
7.8283121143e-20
4.8484646646e-20
1.6691337706e-20
-2.2838138153e-20
-5.6690489535e-20
1.5176288645e-20
5.0521629130e-20
-2.8520293770e-20
-3.0629876259e-20
-9.2489852097e-20
-4.6583887259e-20
-2.8200300357e-20
3.9061375404e-20
-6.5916783147e-20
8.1689041890e-21
2.6120235332e-21
-1.8725523473e-20
4.3758582059e-20
7.1281169833e-20
-9.7304417208e-21
-2.5681936996e-20
3.0733641718e-20
-1.0542295708e-20
1.7206808115e-20
1.4868997694e-20
-9.6391617287e-21
1.8543726790e-21
4.6987567556e-20
8.7173079432e-20
-2.6240053060e-20
2.8759430802e-20
-9.1904278553e-22
3.2224280398e-20
8.5875711919e-21
-2.8426274696e-21
-2.3307600735e-20
-6.2686866303e-20
1.0102295269e-20
-8.6248152756e-21
4.2630527770e-21
2.5685951491e-21
4.1680520250e-20
3.5434916357e-20
1.0001295088e-20
4.6695950456e-20
4.4988393163e-20
-9.0629804460e-21
4.5217907526e-20
-4.1298900182e-20
-1.4045303930e-20
3.3870777070e-20
-2.2543473385e-20
-1.2923605558e-20
-3.1002861716e-20
3.7824497795e-20
7.5761336150e-20
-2.7600051283e-20
-8.2853128170e-21
-1.7401701608e-20
3.4201181425e-20
1.9574685893e-20
-1.0391719629e-20
-4.9535888225e-20
-2.9979815630e-20
-7.6968247927e-20
4.9207247899e-21
4.4129645680e-20
1.0182109796e-19
-3.3682498597e-20
3.3860561767e-20
1.4115857082e-20
1.2232175070e-21
1.9965951013e-22
2.3760063790e-20
2.7814114028e-20
-1.0426369569e-20
-8.4390856105e-21
-1.1161579348e-20
6.6607501052e-20
3.0697133131e-20
-1.5547805739e-20
-1.0733105733e-20
-4.8441660961e-21
-2.2087550455e-20
-4.4585748158e-20
-8.3151946145e-20
2.6241515383e-20
-7.9667041718e-21
2.5457548267e-20
2.2319864538e-20
-1.1969645241e-20
-3.2318167548e-20
2.8253812418e-20
-1.9561051002e-20
3.5094991546e-20
1.8368150748e-20
-4.8264874843e-20
-9.8366070292e-20
-8.5378157925e-22
-4.5043628491e-20
3.9038346029e-20
3.8230849543e-20
-4.2381718859e-21
4.3422064102e-20
6.8469743035e-20
3.9658231148e-20
3.0590346163e-20
-7.8241678680e-20
-4.7270617013e-20
-1.9166828215e-20
1.1928038490e-20
-3.7819129985e-20
-4.2668712056e-21
-4.5617018707e-20
1.8434851331e-20
1.5173722174e-20
1.6162197639e-20
-4.5342827330e-21
2.4504472940e-20
-1.7809604465e-20
3.5935863296e-20
-8.6579868620e-21
3.4371643758e-20
1.3883047770e-20
-1.0686984302e-21
-3.8740819033e-20
-1.5428073478e-20
4.0224261569e-20
7.1964579428e-20
1.2659828435e-20
-3.6382735318e-20
1.7188330800e-20
3.1755970153e-20
-4.2063670268e-20
-9.0918852992e-20
7.3409651504e-21
7.2533365549e-20
-5.4220264199e-21
-2.2168239471e-20
-2.1599486447e-21
-8.0892281664e-22
2.8911409602e-20
1.4122605947e-21
-4.8770926971e-20
-4.2706474764e-21
-5.0382621941e-20
-4.8302283560e-20
-1.3795432804e-20
-1.8392598303e-20
-5.5941828869e-20
4.8710952995e-20
1.1796296772e-20
-3.4019454219e-20
-3.1995896990e-20
2.2845676644e-20
1.7530753677e-20
2.6948969511e-20
-2.6121040710e-20
-6.4788964707e-21
-8.7019614553e-21
1.6524901174e-20
-1.5480996984e-20
2.5950032091e-20
5.4409996764e-20
2.6879972920e-20
-8.9074158594e-21
-3.1636802765e-20
5.4621511235e-20
2.8735188021e-20
-8.6190534245e-20
-3.6020609864e-20
-1.6875103187e-21
2.4547972953e-20
3.7750672849e-21
-4.4665350743e-20
1.8610547645e-20
-1.5046417408e-20
-1.9726041084e-20
-1.4065477373e-20
-1.8461600484e-20
4.7384122867e-21
-1.3299653747e-20
-1.8655327991e-20
-3.5896208267e-20
-2.9354835242e-21
-2.9759143396e-20
1.2935764253e-20
-1.2575140631e-20
5.8517845042e-21
5.9646059230e-21
-8.0388287643e-20
4.2924259579e-21
9.6121728595e-21
-2.7992221166e-20
-4.1578357648e-20
-3.1899046058e-20
3.4192631240e-20
4.4035232238e-20
-2.6732200005e-20
3.1857113319e-20
2.4035233629e-21
6.6415311619e-21
-4.8227837989e-20
-6.2225548371e-20
-2.1011400800e-20
2.7472953295e-20
4.1884304388e-20
3.4624329419e-20
6.2708353303e-20
5.3316371524e-20
4.7883954989e-20
-5.2013054788e-21
-4.7037462767e-20
1.4896829136e-20
-1.9868838363e-20
-3.7560279109e-20
1.1451420140e-20
-8.0040874990e-21
5.8175011912e-21
-5.9898028035e-20
6.4056363279e-20
-2.5960754012e-20
-6.5372480244e-20
-2.0905917985e-20
-5.2531089758e-20
1.1267497849e-20
-2.7323468669e-20
-5.3774315388e-22
3.6699501883e-20
-1.0776218133e-20
5.8095852215e-21
-4.2063163064e-20
8.7682296155e-20
-3.7954063209e-20
-5.0471517041e-21
-3.2651424882e-21
1.6104629498e-20
-6.6888950018e-20
-3.3390176083e-20
-3.7323427948e-20
1.7538117656e-20
1.1200890275e-20
-5.1435066987e-20
-1.3248426863e-20
3.3306759006e-20
-6.4689177767e-20
-4.3082365328e-20
3.2894700295e-20
-8.8263272287e-20
6.6835922471e-20
1.2677985719e-20
-4.2076956617e-20
-1.2898877403e-20
8.9827342059e-21
3.0115506378e-20
-3.0637565665e-20
-3.1458899124e-20
1.9855622444e-21
-9.1575502263e-21
4.3904764607e-21
-8.7804065526e-20
5.4383839694e-20
3.2284240912e-20
5.3988344463e-20
6.8359810501e-20
1.1834900784e-20
-6.4917503598e-21
2.8421595163e-20
3.5414148553e-20
-2.7334400708e-20
3.9440358843e-21
1.1216260161e-21
1.4505675437e-20
-6.6794815789e-21
-5.2076585378e-20
8.0395126288e-20
-7.8145692245e-21
2.7948351135e-20
-2.6540389058e-20
1.5922069771e-20
-8.3408194077e-20
2.0246363494e-20
-3.8433163800e-20
-1.4377888016e-20
4.5562399599e-20
3.3236893305e-20
4.9299253652e-21
2.4772383781e-20
2.7625173645e-20
1.6371672004e-20
1.0439990249e-20
-2.9137901222e-21
-1.0727272224e-20
-1.5148626686e-20
-3.1574638684e-20
-8.0459446661e-20
-1.2258847819e-20
-1.9862680715e-20
-3.4103734411e-20
1.6811480613e-20
-6.3797561747e-20
7.2397037881e-21
-4.7479306152e-20
-6.0005472715e-20
-1.5643843827e-20
1.8514258860e-20
-1.7719610529e-20
-3.3133979915e-20
6.8670051330e-20
-2.2531955556e-20
-3.2799779732e-20
2.0007472285e-20
3.2671209042e-22
-5.7639552672e-21
-2.0409695824e-22
-4.8405381025e-20
-5.6750864400e-21
-1.2263207833e-20
-1.0024945422e-20
2.4426980800e-20
2.2292447655e-20
-2.3669518722e-20
-2.5900083752e-20
-1.7150959555e-20
-7.8721199274e-21
8.5155430638e-22
2.6130504579e-21
9.0635930781e-20
1.6499435686e-20
-2.0381350513e-20
-7.6572886066e-20
3.5224964116e-20
-4.9834087763e-21
1.3227852178e-20
4.5975401089e-20
-2.9380302748e-20
5.9989271611e-20
2.2476058913e-20
-5.6164020705e-21
1.0641829531e-20
-9.6648933344e-21
-3.3273418646e-20
-6.2794058294e-20
-7.1820125855e-21
-2.4070395818e-20
-6.0793410398e-20
-1.9859059598e-20
4.2621449878e-20
3.1178138241e-20
-2.4894921537e-20
6.3066063028e-20
3.3809108802e-21
-4.4217583822e-20
-5.9099064267e-20
-9.6048989969e-20
2.2443607183e-20
7.7925717610e-20
1.0074950591e-20
4.0480672413e-20
1.3176854583e-20
1.7904132616e-20
1.2335309068e-20
-3.1179448487e-20
-2.6889072069e-20
-1.5358748055e-20
8.5625579537e-20
9.5388787301e-20
1.6446756603e-20
-5.5395373723e-20
-2.7006842186e-20
-1.4162589250e-20
6.5291020334e-20
-7.5610938593e-20
1.0960358615e-20
-3.6977775021e-21
4.0553674622e-20
-4.1362606466e-20
-1.9087653075e-21
3.0566545574e-20
-1.3072219151e-20
-2.8593973054e-20
-4.8397090877e-20
-3.4442998082e-20
-4.6222470839e-20
1.3986038160e-20
-1.0241768448e-20
7.3877664750e-21
-4.6290440670e-20
4.0883158424e-20
-3.4478554457e-20
5.1964608406e-21
1.6193203471e-20
-1.2743708223e-20
7.3730790748e-21
-5.5003650198e-20
1.4995745983e-20
4.0137894058e-20
4.6706440060e-20
-2.8315716411e-20
-2.1796673073e-20
-3.6838782227e-20
5.4118812091e-22
-1.3522261453e-20
4.9098631410e-20
1.4315161484e-20
3.9939558301e-20
1.0312674309e-20
6.0557604699e-21
-6.6250339100e-20
-2.6312685325e-20
6.5109231621e-20
-7.1077444412e-20
2.6172325869e-20
-3.2200379162e-20
-1.8762741429e-20
-1.2002576605e-20
2.3073822140e-20
3.2773379864e-20
5.5160309634e-21
-2.8904353252e-20
-2.5519551863e-20
-2.7939672379e-20
1.7571119523e-20
2.6103985637e-20
7.8008209810e-20
3.9665695156e-20
2.9383499086e-20
1.1002224617e-20
-3.3025072947e-20
-3.6993504102e-20
-1.8776233142e-20
4.4788320309e-20
8.0801092662e-20
-2.6438138980e-20
2.9899821455e-21
-3.3843397441e-20
-2.4811985550e-21
9.4739433232e-21
-6.2287799851e-20
-4.2876539975e-20
1.7922147268e-20
3.3879478197e-20
3.0664158811e-20
-1.3748314690e-20
-4.3240034340e-20
-1.8508480196e-20
-3.8730107120e-20
-2.1946610089e-20
1.3123208650e-20
2.7178060037e-20
-3.7922962888e-20
4.9266227349e-20
1.0927183508e-20
3.6828597540e-20
2.0183197055e-20
3.8520032255e-20
-8.8957345394e-21
1.3806730200e-20
-5.0049166429e-20
2.5860395596e-20
5.8913110622e-20
3.7871854194e-20
-8.9174094172e-21
2.5261107411e-20
-3.3207934967e-20
2.5214319853e-20
1.0938957905e-20
4.3318484917e-20
2.5031073305e-20
2.3981088140e-20
3.1525669698e-20
-2.2137740307e-20
-6.0281238158e-20
-2.3483274050e-20
-1.0027433131e-20
-1.8713818386e-20
3.3117458104e-20
-4.0123298339e-21
3.5207227134e-21
-4.8067377238e-20
-4.2728015254e-20
-2.5534153021e-20
1.4692085438e-20
-2.0977595578e-20
-8.7538834518e-21
-2.8479491218e-20
1.1909792034e-20
-2.7797522113e-20
-2.6368826604e-20
4.2448936384e-20
-1.0150748069e-19
4.4083654376e-20
9.9075660558e-21
3.8838773809e-20
-1.7958366269e-20
-3.4597764961e-20
-7.5227962097e-20
-9.8253305996e-20
-3.8757080808e-22
-5.2146417129e-20
-1.6533054385e-20
3.4984933327e-20
4.9874847419e-20
-5.7206565036e-20
2.4576582053e-20
-6.1889552063e-20
1.0504826347e-20
-2.4903024866e-20
4.1610705236e-20
4.4876425852e-20
7.3715130241e-21
-1.1815016681e-20
-6.5127040706e-20
-3.5949917648e-20
-1.9272850674e-21
5.3842661898e-20
6.2354489536e-20
2.9790932301e-20
-9.6740013626e-21
-1.6872765980e-20
-5.2347365798e-20
-2.0448502674e-20
2.7670379290e-21
9.7840867384e-21
6.4267884423e-20
5.1144039857e-20
2.3067162510e-21
-9.5477349317e-20
5.5587285487e-20
4.0455214999e-21
-4.0938666519e-20
5.4399781315e-20
3.1886799466e-21
1.2683309236e-20
9.6701473786e-21
1.6842396772e-20
5.3525089633e-20
1.7287921213e-20
-3.9370967979e-21
-3.4147650007e-21
3.8379437017e-20
-2.1883530914e-20
-1.7921454211e-20
-3.7136480493e-21
-4.7648589122e-20
7.2516689301e-20
-7.1570360224e-21
3.3739908984e-20
1.6611211244e-20
6.5356177653e-21
2.6703841910e-20
4.1582758164e-20
3.0343341449e-20
-9.7669574959e-21
2.8055938680e-20
-1.0031020558e-20
-3.1022814718e-20
-2.4250806970e-22
-4.4335033443e-20
3.1161036693e-20
5.0625223637e-20
4.0151812401e-20
-7.4076613501e-20
-1.2455707043e-20
1.8496373037e-20
2.4879921028e-20
1.0087749408e-20
2.7943294640e-20
2.5009204175e-20
-6.8550671329e-20
-2.6867703737e-20
-6.9639824308e-20
-9.2338378787e-21
5.5136600183e-20
1.6161973354e-20
2.2753805089e-20
2.7266794346e-21
-7.3139756218e-20
1.0388386973e-20
-5.5949760558e-21
-6.9439096969e-20
2.2546417017e-20
-2.3911499511e-20
5.1652411805e-21
-2.4082607314e-20
2.5097925208e-21
1.2670277628e-20
7.0642021227e-20
4.6745436746e-20
2.3150706245e-21
1.6911447539e-20
-4.0041060879e-20
-7.4277610616e-21
-8.6342811610e-20
-4.4135853445e-20
5.3552096199e-20
4.5400004148e-21
-1.8612271151e-20
-1.2142924640e-20
4.9082120194e-20
2.3445228644e-20
-9.2342722141e-20
4.5337772873e-20
-2.6287341856e-20
-8.6086815532e-20
2.6262744198e-20
8.6108161447e-20
-2.2679928371e-20
-9.7079581514e-21
1.1784359900e-20
6.8429407600e-21
1.3302012675e-20
2.6433702090e-20
-4.1996390625e-20
6.8307553869e-22
-1.0960644304e-20
5.6334900145e-20
1.4937794650e-20
-2.4038530620e-21
-2.7176640864e-20
-6.5713393593e-20
6.6728678963e-20
-5.9009165786e-20
-6.2253526818e-20
2.1509999385e-20
-7.4875219080e-20
-1.3718290146e-21
-5.9477079384e-20
3.3403712070e-20
8.4095011061e-20
-3.5627765915e-20
-1.2255210910e-20
-1.7563784478e-20
2.7600119917e-20
5.6995829506e-21
1.2765542076e-21
1.3815774693e-20
5.3816250094e-21
-2.1360529137e-20
-3.4703055401e-20
-4.0082006387e-21
-6.1441170156e-20
7.0888116865e-22
2.8171516240e-20
6.5545201856e-20
5.5062314599e-20
-1.7084162271e-20
-2.6245849154e-20
-1.9748852827e-20
5.7575188421e-20
8.7682046066e-20
-5.4094911126e-20
3.3876194208e-21
8.4745772192e-21
1.8408060083e-20
-4.2834620534e-20
-4.2741758337e-21
6.0672547747e-21
4.8849682596e-20
2.7000249138e-22
1.8035396529e-21
4.2414418710e-21
3.7740562714e-20
3.5881007498e-20
-5.4041322365e-21
9.5197090503e-20
-1.8229736518e-20
-5.6622722822e-20
4.1648974186e-22
-4.4883054965e-20
3.9573344794e-23
4.2868436351e-22
-5.7348240222e-21
-1.3929945064e-22
-1.8742222128e-20
-9.0993843211e-22
6.1945878161e-21
1.7685813052e-20
6.1953889030e-20
1.3443877456e-20
9.0957763990e-21
5.6235376759e-20
1.0348198778e-22
3.3919785204e-20
3.7844843218e-20
3.9790502653e-20
3.0229014730e-20
6.0659764510e-20
1.7629070591e-20
3.2680251290e-20
-1.2889516125e-20
-8.8321624271e-20
-2.6326335887e-20
2.6601038108e-20
5.8579677268e-20
3.6143455083e-20
-5.5514876539e-21
-7.9263037504e-20
-1.2377287440e-19
2.1127873625e-20
-7.0171287798e-20
5.0636669324e-20
-3.7388554397e-20
8.7701321726e-20
8.1326200208e-21
2.3671724688e-20
2.0857025866e-20
4.7047096383e-20
-1.1307209359e-21
-1.2574406890e-20
-5.8016757868e-20
-2.1823241212e-20
2.0186574923e-20
1.6678144698e-20
4.5916255482e-20
1.8471383796e-20
-2.6230928600e-20
-6.1745713392e-21
-2.1624932231e-20
2.3707681008e-20
2.1775354556e-20
3.0661227119e-21
2.2501372958e-20
-2.2343572673e-22
1.1780792011e-20
-3.5123937889e-20
-4.1111771590e-20
-1.7381675029e-20
3.5681097424e-20
-2.0739348522e-21
-6.6600882929e-21
5.2576927306e-20
1.9810572701e-20
3.9173825773e-20
-2.4790188214e-21
3.6225144611e-20
-1.6347900501e-20
2.4815926997e-20
-4.9507951534e-20
-2.4003712688e-20
7.4564689994e-20
1.5637690532e-20
-2.1311105498e-20
-1.8116625600e-20
-3.0731502512e-20
-5.0325601641e-21
3.7719156324e-20
-3.1399544770e-20
2.8489377923e-20
-6.6851503363e-21
1.9945672502e-20
-6.2714752551e-21
2.2984810803e-20
4.9924921566e-20
-2.6686943135e-20
5.5854843622e-21
-5.9350137567e-20
2.4114824796e-20
3.6622608670e-21
5.6365954542e-20
-5.3310936438e-21
-4.0137310662e-20
9.2699166788e-20
2.6795843825e-20
2.2704877082e-20
9.5386001022e-21
-5.7376317085e-20
2.3537827308e-20
-1.4199258438e-20
-3.6430458136e-20
-8.0624311953e-22
-9.1191042719e-21
-7.3822618147e-21
3.9862025205e-20
1.2625977776e-20
-8.0129036745e-21
2.1190191270e-20
-2.5345995140e-21
5.3278561256e-20
-2.0853621134e-20
2.4733942011e-22
8.3712484700e-21
-3.2642794064e-21
2.6403488506e-20
-3.5251753360e-20
4.8752289069e-20
-4.0654215911e-20
-1.8699374394e-22
-2.1523863060e-20
-1.1559102782e-20
-6.8676442661e-20
2.5636410156e-21
-6.9279057807e-20
2.6289536543e-20
3.4098986462e-20
1.6315028850e-20
2.7557908449e-20
-7.9077269796e-20
-9.8742363197e-21
3.3190380541e-20
1.5292479823e-20
-2.8419903830e-20
3.6532474648e-20
8.7049881972e-21
-1.2323255826e-20
5.7981390209e-20
3.7944269793e-20
-1.5586594573e-20
-5.9766876941e-20
4.5444937964e-21
-1.9965399496e-21
2.1482924948e-22
-2.2870545108e-20
-4.2666694566e-20
-3.2095692785e-20
-4.5891832351e-20
1.3158362520e-20
3.0751206270e-20
3.1579591205e-20
-2.5259786838e-20
5.8350909335e-21
-3.0209889295e-20
7.3899824019e-21
2.4333230836e-20
-2.8968365772e-20
-3.1214447297e-20
-3.4469534025e-20
6.3663362825e-21
-6.7269114449e-21
1.1784186339e-20
1.6780562579e-20
-1.9913879506e-20
-2.6446808037e-20
-1.0176689120e-20
9.6909334967e-21
-3.3788895929e-20
-1.7150339978e-20
-2.4441656842e-20
-3.4303554058e-20
5.3276013864e-20
-6.0927306348e-20
-3.0366920652e-20
1.1789935049e-21
-3.9445589973e-20
-3.5062426235e-20
6.8844627745e-20
2.5375739894e-21
6.5555603782e-20
-1.2878698643e-20
2.3549163676e-20
-6.4871339970e-20
2.4403259837e-20
7.3924584296e-21
2.0917467462e-20
1.1568862166e-21
-1.3313784126e-20
3.9497864716e-20
-5.2180663855e-21
-2.5008453843e-20
-1.3309986762e-20
-8.2149478836e-21
-2.0404925386e-20
1.0741645627e-20
2.9547709247e-20
5.4973253475e-20
5.2352189880e-20
-7.3849233004e-20
-3.8829123778e-21
-7.9536684517e-20
-1.0544990701e-20
-1.6402502163e-21
-4.2835624583e-20
2.1499092788e-20
2.7738557601e-20
2.5937335162e-20
-1.8685131190e-20
6.2074423094e-20
-3.5281921167e-20
1.6791349448e-20
8.2165067743e-20
5.0325495594e-21
1.7227997345e-20
7.2966593465e-21
5.1438504063e-20
-2.0428942990e-20
-2.5540798215e-20
4.2724704852e-20
1.5142932327e-20
-2.4951155151e-20
6.6033918487e-20
6.3256721060e-21
8.8847881548e-21
4.9881259929e-20
1.3778856563e-20
4.0655419970e-20
-2.6270794143e-20
3.0061940944e-21
-4.9942819016e-21
-1.4543469938e-20
-2.6704896669e-20
1.9170638272e-20
4.3541061046e-20
4.5666492476e-21
-2.6293844808e-20
-2.8050075539e-20
-1.8779841370e-20
-1.7921461435e-20
8.2264856408e-21
1.9097692314e-20
6.5461369844e-20
6.2555708569e-20
3.2203376382e-20
2.0629142804e-20
4.0294892824e-20
-2.5429410677e-20
3.8251777808e-20
-8.3095298652e-21
4.5834054513e-20
-2.1670277497e-20
3.0083885632e-21
-3.8827753270e-20
1.4413833792e-20
-3.2995501066e-20
7.6000679215e-21
-1.9623140388e-20
7.5745525750e-21
3.4942589068e-20
3.7530020408e-21
4.8083115558e-20
-4.1212706636e-20
1.8258061136e-20
-9.7010212222e-20
1.1432443446e-20
3.6442961876e-20
-6.9277955702e-20
2.3371473531e-20
1.0793740504e-20
6.4080452873e-20
1.1417623903e-19
3.8270909255e-20
-1.2023468068e-21
-4.9687014111e-20
4.0208238808e-21
6.2209237785e-20
1.4723197771e-22
-2.5507705119e-21
6.0961476693e-20
2.2033781994e-20
-1.1032248858e-20
3.0762149684e-20
-1.2768171363e-20
-8.7022623684e-21
3.8819255351e-20
-3.8955079279e-20
6.8796515419e-20
1.1443375759e-20
-6.0817473932e-22
-1.2642345535e-20
1.4424646632e-20
6.9153968461e-20
3.3433295079e-20
2.5528709842e-20
3.7184336812e-20
6.8689987891e-22
-4.8362887665e-20
-4.2863708046e-20
2.5045331658e-20
3.1250049448e-20
1.7154777079e-20
1.9104355794e-20
2.3987833976e-20
-3.7741042787e-20
1.2224890799e-21
9.6135645611e-21
-5.3616647432e-20
-2.3286747005e-20
1.8912518823e-20
-3.1841641907e-20
5.5133658423e-20
-9.0470989387e-21
1.7770738954e-20
-2.2500517497e-20
-9.5429647333e-22
-2.8219260838e-20
-5.7949142409e-20
4.4370190953e-20
7.4982519505e-21
-9.1782382748e-21
6.0388198654e-21
-3.5375486534e-22
-1.4048726072e-20
1.3141290943e-20
-1.7605909058e-20
3.6035224642e-21
1.8729339507e-21
6.7426493704e-20
-4.0068724394e-20
3.0003405253e-20
-6.4293324076e-20
5.1039093562e-20
-6.5049205077e-20
1.7403499800e-20
7.6133811923e-20
2.7254111198e-20
-1.5351550324e-22
-1.3511742809e-20
-6.6260670670e-20
4.6971549659e-20
-9.4576729040e-22
5.2591009641e-21
-4.3002966654e-20
1.0698873579e-20
1.6905149292e-20
1.1273672335e-20
-4.9828775135e-20
-1.1901161901e-19
4.0336613133e-20
-1.5834638694e-20
-3.5208757203e-20
-2.8292117416e-20
4.3794768034e-20
4.2564203837e-20
-2.2032741574e-21
-8.4835989610e-21
-3.0728879306e-20
-1.2902547243e-20
1.1972952181e-20
-7.0360390233e-20
1.5603265489e-20
-5.7678406503e-20
-1.3213313058e-20
-2.3393781369e-20
-8.0354505862e-21
-3.2010105427e-20
5.8469258370e-20
-2.0388113268e-20
-2.8522817049e-20
2.4622663772e-20
3.3186420284e-20
-6.2055599768e-21
1.2375026483e-20
2.5849748762e-20
5.3819252174e-20
-2.0176358771e-20
3.4600724863e-20
4.5745089461e-20
8.2605862104e-21
-1.2707113002e-20
6.0062135116e-21
3.8676038019e-20
-6.6850058042e-21
-5.3118603208e-20
-6.9204224818e-20
5.3637638837e-20
-1.7740598151e-20
-4.9268193017e-20
2.3595265800e-20
2.5635377200e-20
-1.9045418445e-20
-4.3126867068e-20
-3.1172517146e-20
-4.1540166258e-20
-9.0939972806e-20
9.6149884435e-21
2.0394682310e-20
3.3504967177e-20
4.5354855065e-20
2.0468567944e-20
4.6367656444e-20
-8.0902651594e-20
-4.2679321526e-21
1.2701597505e-21
1.2023632064e-21
2.3282226041e-20
-3.3444471876e-20
6.3834785389e-20
-3.5162954928e-20
-1.6472364502e-20
-3.3153502256e-21
1.7236311789e-20
-3.2969246892e-20
3.7522545677e-20
2.1231932328e-20
-5.7092613165e-20
1.5488293159e-20
7.5588628204e-21
8.6536364485e-21
2.2614086772e-20
-2.5081616565e-21
4.1779320004e-20
1.7342881237e-21
1.7728738381e-21
-8.5553445909e-21
4.3752479353e-21
3.7068208688e-20
5.4944299974e-20
-3.2858635281e-20
-1.3174275416e-20
-3.8029399026e-20
4.6071700477e-20
-5.9011857206e-21
4.6205162238e-21
-2.5630115066e-20
-1.6237997451e-21
-2.4690950278e-20
-1.0983598046e-20
-4.3401396539e-20
-5.4170044561e-21
-3.3641833614e-20
2.8108619318e-20
-3.2339841560e-20
3.3401617945e-20
-4.9193805594e-21
-3.7402496923e-20
-3.2149336558e-20
9.0963484686e-21
-6.9407561185e-21
-1.6551554194e-20
-8.8782393429e-21
-2.2855026577e-20
-1.1624340495e-20
-1.7416550972e-20
6.5791251443e-20
5.8666698447e-21
-1.9545085799e-20
-1.0052919495e-19
4.9061525222e-20
-3.0911078800e-20
2.3948882936e-20
3.2003660322e-21
-1.5596713355e-20
2.3905249385e-20
2.4406566189e-21
-2.9180590105e-21
-2.5333027744e-21
2.9580476874e-20
-2.4576767752e-20
-5.0855764816e-20
1.2180281102e-20
-1.0020821903e-20
1.2166256070e-20
2.4953122816e-20
-1.0712126665e-20
-1.1440810202e-20
3.1089421537e-20
-3.6254710975e-20
8.6381531656e-21
-9.9585355031e-21
-2.5803204330e-20
-1.3712053743e-20
-1.0977668471e-19
-1.2225913296e-20
2.9204998184e-20
-2.0437764598e-20
-1.9384662387e-20
-3.9181592463e-21
6.1777483997e-20
2.3110719884e-20
7.7907447400e-20
-1.8125719467e-20
-1.6440212230e-20
-3.2582915307e-20
-4.1287826834e-20
-5.0911034739e-22
-8.8921146576e-20
-5.8400523139e-20
-3.2022463663e-20
1.2075670444e-21
-1.1308196930e-20
-3.7134556761e-20
-8.0112802630e-21
-3.8152115105e-20
6.3154187728e-20
2.6282656858e-20
1.6137081642e-20
-5.5451588054e-20
-2.9798208386e-20
2.0066507748e-21
3.5414493405e-20
-1.8305817212e-20
-3.2886247200e-20
3.1685594018e-20
7.9441201460e-21
-2.3068183361e-20
5.6006187109e-20
-1.7196331482e-20
1.2693128547e-20
2.5640187840e-20
-1.3801604654e-20
3.3609752179e-20
4.8610204987e-20
1.5780631964e-20
-6.5549353756e-20
-3.7990060088e-20
4.6891370813e-20
-3.5166970109e-20
-4.0988997656e-20
-3.1679879225e-20
3.2907891163e-20
4.5987605444e-20
4.0990029052e-20
5.0328686804e-20
9.9995803057e-21
4.6257695932e-20
-1.1381383024e-20
4.3406922312e-20
1.6530040236e-20
-2.7394172984e-20
5.1588855119e-21
-1.3445238697e-20
7.3828167115e-20
-1.7376144815e-20
-2.7134629919e-20
-9.1996776081e-21
2.8035182340e-20
-8.6710117439e-21
-5.5266806633e-20
-4.3698152185e-20
1.7970000184e-20
-1.5248660529e-20
-9.2968550018e-21
-4.1424663824e-20
2.4129848882e-20
1.4812193706e-20
3.0528743056e-20
2.0110431050e-20
5.6295476357e-20
-1.8185719234e-20
3.8674479019e-20
-4.8863061795e-20
-4.0405072598e-20
5.2388406784e-20
1.0031553347e-20
-1.1502003905e-20
2.4220548384e-20
9.3705876316e-21
-7.4971944049e-20
-2.6884975279e-20
2.2379226709e-20
1.1243681397e-20
5.6224896593e-20
1.7065281825e-20
-1.3068251697e-20
4.9669871322e-20
-3.8686803808e-21
1.2440971410e-20
-4.1602624841e-20
1.9224439575e-21
-2.9572653379e-20
-4.9097227513e-21
2.0856965682e-20
6.2419616764e-21
2.5862089368e-20
-6.2733321097e-20
1.1229782546e-20
3.2686585566e-20
-4.9707795005e-20
8.7213804857e-21
1.5196794791e-20
3.6286633174e-20
6.1596624332e-20
-3.1681987496e-20
-5.1250331412e-20
7.1633659043e-21
-3.8176601048e-20
1.2953538797e-20
5.5482216530e-20
4.9853533204e-21
-6.3200306898e-21
2.7974514976e-21
-3.9807239105e-20
-3.5193961730e-20
-9.7786000766e-21
4.8201374885e-20
-1.2003261733e-20
-3.1694359065e-20
-1.9726368864e-20
-3.6799828517e-20
1.8029069106e-20
-4.9929318578e-21
-5.8429023746e-20
-2.3290507736e-20
2.9613284508e-20
3.4158343506e-22
9.7172751589e-21
-8.3228016958e-20
-1.2927639556e-20
3.5996510986e-20
6.0834216226e-21
-2.1536666200e-20
1.0957704717e-20
5.1245349380e-20
2.0438346230e-20
-4.0514185486e-20
-6.8401078437e-21
4.7550460347e-21
-1.2623095670e-20
1.3889624871e-20
2.3149222770e-21
-3.6520977654e-20
5.4092908733e-21
-2.2962438256e-20
4.8913381576e-21
-1.7735266708e-20
5.4135821728e-21
-2.9898879253e-20
5.7247468216e-20
-1.4304309601e-20
-2.5962975562e-20
2.9923917828e-20
4.1748900737e-20
2.7689120029e-20
7.6729657102e-20
2.0589706387e-20
-1.9591485449e-21
2.7246551169e-20
-2.2822707020e-20
2.0251552394e-20
-2.6406477877e-20
-3.7939378162e-20
-1.9070039700e-20
-3.7735865370e-20
2.7771787479e-20
6.3019476013e-20
-6.1318838879e-20
6.2953836562e-20
4.1937517705e-20
-8.8769189787e-21
1.9218279282e-20
-2.3240875404e-20
-1.7413747867e-20
9.2186817963e-21
-3.2595947414e-20
6.3185571227e-20
-4.6199916694e-20
-3.8972501244e-20
1.8878127958e-20
-5.6153386434e-20
-2.8816129577e-20
6.7530523816e-21
-2.6046312034e-20
2.8010222448e-20
-1.4633429777e-20
-8.0957831575e-21
6.7029193256e-20
-9.3689140304e-21
-4.5135104694e-20
3.6668838889e-20
1.4301496988e-20
-4.4305796843e-22
1.5450106020e-20
3.3623262186e-20
-1.8421310724e-20
-3.5267366731e-20
-3.8894020854e-20
-1.1708347778e-20
2.3776656636e-21
6.6496356081e-20
2.1705439538e-21
-3.6002813378e-20
1.8152662390e-20
-5.3339835049e-20
-4.3345796514e-20
1.7155503364e-20
1.6865703405e-20
3.4027993678e-20
9.9454995586e-21
-6.0295102976e-21
-4.1439920600e-20
6.8040071086e-21
-3.4395798392e-20
-2.3735745561e-20
2.8114771077e-20
6.2150477892e-20
2.1550190426e-20
-2.1441328984e-20
1.5987398904e-21
4.3653997902e-20
7.8119644187e-21
2.0541364003e-21
5.6773637404e-20
6.4575917759e-20
1.8014900549e-20
-3.8139362047e-20
5.4216007484e-21
8.0236813295e-20
2.5025712206e-20
-2.0552136982e-20
6.3137408156e-20
1.7914969170e-21
-2.8154754397e-20
4.7396339411e-21
-1.1685031387e-20
-3.9588619493e-21
4.6534771881e-21
-3.0476885360e-20
6.9284641621e-21
-5.0665244889e-20
-3.3051329565e-20
9.6146976795e-21
-3.2006658770e-20
-1.2928643276e-20
4.4333392511e-20
-9.6859528726e-20
-1.5331365535e-20
-4.1759366517e-20
-1.4336981027e-20
1.7155491239e-20
-5.2061296750e-20
-1.1130503274e-20
-2.8706106919e-21
-2.2968335321e-22
1.8754316316e-20
-6.7207692717e-20
-2.4786595340e-20
2.8395006054e-20
-2.7058542217e-21
-1.4489389083e-20
2.6068037350e-20
3.5997118363e-20
3.4369014296e-20
1.4418570020e-20
2.2189735870e-20
-6.5033203802e-20
2.2947668834e-20
-2.6665674385e-20
-6.8166135678e-20
-3.9032405068e-20
4.4744014251e-21
4.0821568336e-20
6.3892005670e-20
6.6926544968e-21
-3.1020470226e-21
3.5155097678e-21
6.9859746060e-20
-2.7183422721e-20
-6.5991511965e-22
2.5705083802e-20
-6.4828767060e-20
2.1587353591e-20
5.6475369128e-20
6.2093395217e-20
-2.5674275452e-20
3.3440714455e-20
2.4615363536e-20
-8.7270186143e-20
3.0639390387e-20
5.2107555613e-20
-2.2398648662e-20
-2.6864716046e-21
1.4823841190e-20
3.1599742140e-21
-2.7244722677e-21
-2.3797945474e-20
-3.6591596197e-20
3.1941573651e-21
6.3754363700e-20
-8.2591503419e-21
-7.2473287263e-21
1.9246920920e-20
9.6150159640e-21
-4.3591320912e-20
-1.7407637464e-20
4.5938314467e-21
-1.9308622172e-20
-4.3983397069e-20
1.0876845804e-20
-4.0022813298e-20
-3.9612889114e-20
2.4097396966e-20
1.4731789777e-20
1.0219402728e-19
7.7496052246e-20
-3.8502185271e-20
3.7458339221e-20
-2.1112039111e-21
-7.2776837706e-20
3.2678175163e-20
-3.2952032843e-20
3.8074504618e-20
-3.2470488063e-20
2.0977645496e-20
9.5073272189e-21
-1.8524361957e-20
-7.0358304530e-21
-1.4008940884e-20
-3.4722204324e-20
2.1344863448e-20
9.1997736281e-22
-2.5992010975e-20
-9.3308754191e-21
-2.4090739677e-20
1.1616250699e-21
1.8741658612e-20
-4.9726180125e-20
-1.6879082971e-20
-4.8858660836e-20
3.2645076944e-20
6.2663246492e-20
3.8723568193e-20
-4.0158408935e-20
1.1951408775e-20
-3.7625228771e-20
-5.8209544542e-20
2.1602092992e-20
-3.1415072453e-20
1.9609285506e-20
-2.2155251642e-20
-3.9036593293e-21
2.4135547173e-20
-1.2926395379e-20
-4.0578731028e-20
3.1056489290e-20
1.7651392395e-20
-3.4105845155e-20
7.5681413739e-21
-5.8904080895e-20
5.3544591120e-20
-1.9279177419e-20
-4.0122103602e-20
3.2054450317e-20
4.5511495489e-20
6.8223967277e-21
5.4730312690e-21
-2.0570764776e-20
-6.4058772789e-20
1.2742816865e-20
9.2020636622e-21
4.0394725087e-20
-1.3992113676e-20
4.3319243967e-20
1.2109141931e-20
1.9140984690e-20
-7.8241431012e-21
3.5546742610e-20
-5.4597946962e-20
9.6999128258e-21
-2.3875039619e-20
7.3920122997e-20
1.6745192693e-20
2.5373431874e-20
6.7370394519e-20
1.1287126277e-20
2.3466942282e-20
1.6426683953e-20
-7.1781484163e-20
3.4506066068e-20
-4.3187829910e-20
5.0525209405e-20
-6.6784782980e-20
-7.0596412521e-20
-3.8711000307e-21
1.4343156521e-20
-5.7407827318e-20
2.3549203015e-20
-7.4203049428e-21
-1.6661136442e-20
-7.5280592409e-21
1.1035999282e-19
-1.9381182229e-20
3.9772532998e-20
-1.0714063433e-20
4.3783466092e-20
1.7513137059e-20
6.7048976093e-20
-8.2502924527e-21
-3.9691791010e-20
2.1213615992e-20
1.4354232404e-20
7.5007013725e-21
-2.3075498571e-20
2.2831765844e-20
2.7997891854e-20
-2.6256947553e-21
8.9528224201e-21
-3.0913066829e-20
-4.5716323131e-20
-5.3922227151e-20
2.7419235198e-20
4.5324803063e-20
-1.3738909220e-20
1.6072110449e-20
-1.4163956408e-20
-2.2989061083e-21
3.0745756981e-20
3.7894243951e-20
3.4992547725e-20
3.2025261325e-20
-5.5948839115e-21
-2.1236699293e-20
4.9223528208e-20
8.3261258207e-20
-3.6553784661e-20
5.0130455228e-21
5.3902067377e-20
-7.6334794701e-21
1.8059696712e-20
-1.9859012141e-20
1.2886998925e-20
9.5608921410e-21
2.4239606279e-20
-4.0583396790e-20
-2.6906781982e-20
-2.4220999921e-20
1.6614465409e-20
6.0536969977e-21
7.9529750903e-20
3.0691641068e-20
2.0003150144e-20
3.8673399446e-20
-2.4308777450e-20
-5.7207083946e-20
2.2498292033e-20
-1.7464497009e-20
1.3330446254e-20
-2.2046046881e-21
-2.7187050646e-20
4.5329688640e-20
-7.2262065870e-21
-5.2053604866e-21
-1.7773219585e-20
-1.5219680757e-20
-4.1129468601e-20
2.9793091820e-20
-2.4565067742e-20
-9.2656433355e-21
2.1053365769e-20
1.3903770866e-20
-6.7234829018e-20
7.6176884534e-21
-1.4729846523e-20
-8.4750649929e-21
8.5845750832e-21
-1.1355087222e-21
-2.1211430037e-20
1.6965521585e-20
-1.2221039797e-20
3.3731034379e-20
1.0375172152e-22
3.7362402681e-20
-3.3932374120e-20
4.2423355967e-20
5.2246954420e-21
-1.4940249419e-20
-6.5512881283e-20
-2.0417961863e-20
1.2499390509e-20
8.7705931712e-21
2.9745635598e-20
9.4581182951e-21
1.6344182914e-20
-3.0897642881e-20
-1.2267777114e-20
-3.4213547175e-20
-5.2569546278e-20
-1.1198537302e-21
3.3271414025e-21
1.2191319053e-20
-3.4178086419e-20
2.8298737083e-20
1.8652113862e-20
1.2919425016e-20
8.5131661394e-21
-2.0123221746e-20
1.1943047841e-20
-1.6236519245e-20
3.9747706067e-20
-3.2821557247e-20
-8.3897076465e-22
5.0679169646e-20
3.9249314872e-20
-1.8607041832e-21
2.5711743855e-20
-1.5447316111e-20
-3.4801660386e-20
8.3410113109e-21
-5.7942553639e-20
3.9853209535e-20
8.5125082150e-20
-3.1489807757e-20
1.1778706243e-20
-7.7991155090e-21
2.2987197082e-20
2.6857059396e-20
2.0623996996e-20
-4.4729436202e-21
2.2234417474e-20
1.0998888964e-21
1.5478265707e-20
4.9950855455e-21
1.2333489369e-20
2.0958878329e-21
1.9486935772e-20
1.4179874125e-20
7.1350930759e-21
-6.5818890509e-20
3.5946079205e-20
4.6274165552e-20
6.1959889368e-20
1.7580521334e-20
1.8577108590e-20
-4.5687610067e-20
2.3220903685e-20
1.0715264922e-20
2.4549145337e-20
-3.5353747381e-20
5.4315415143e-21
1.2940162035e-20
6.3206404308e-21
-1.7169499378e-20
-2.7411673808e-21
-2.0077928906e-20
-4.5171475886e-21
7.4264435169e-20
2.2403940318e-20
1.3807376220e-20
1.5216121777e-20
-2.0017076518e-20
3.8412405687e-20
1.7856146874e-20
2.9205547354e-20
-6.3693967645e-20
9.4582974663e-21
2.3512736397e-20
7.5399597161e-20
-3.0009647158e-21
8.5300759942e-21
7.2179144373e-20
4.0665393191e-20
-5.9269456071e-20
3.0110691435e-20
3.4966238679e-20
5.6697766127e-21
2.6189914474e-21
-9.7887365731e-21
-1.8767465111e-20
-1.8387512057e-20
-1.6234941231e-20
-1.3648703774e-20
2.1400553192e-20
5.0320082484e-20
-1.7957497963e-20
-4.0013846493e-20
1.1989582998e-20
1.6640060339e-20
5.0673273425e-20
5.8213183728e-20
2.8618146324e-20
-4.4930231173e-20
-1.1535760970e-20
2.5584208407e-20
6.6274363872e-20
5.5768608593e-20
5.5564568059e-20
-4.3937601147e-20
-8.1196493321e-21
3.7654279803e-20
5.2025669149e-20
-2.2258997227e-20
2.0647799735e-20
-1.6281167215e-20
-2.7417636200e-20
-2.3607899445e-20
-1.8880917859e-21
4.0851703138e-20
-1.3132308268e-20
-7.6847104042e-21
1.1390990441e-20
-9.6957123440e-21
2.0005407103e-20
9.7128604005e-21
-1.0770676642e-20
-2.9558273692e-20
5.8684951020e-21
2.7236289757e-21
-1.8934790996e-20
-7.4131515012e-21
1.6973032241e-20
-5.1833107370e-20
4.7004663802e-20
-3.7792080733e-20
-2.9958265391e-20
-3.5230537733e-20
-2.5699412668e-21
4.8176854687e-20
-2.7877064909e-20
-4.3469912237e-20
-3.2160466341e-21
1.7409264586e-20
-4.1762838712e-20
2.5366215081e-20
-2.7875827021e-20
2.4979584274e-20
-4.6985038959e-20
1.4272791764e-21
2.7155118321e-20
7.5306167794e-20
9.2070994761e-22
-5.7481978963e-20
-4.5586563745e-20
-1.6835058665e-20
-3.3912116087e-20
4.3200119862e-21
-3.0144917065e-21
1.6861911647e-21
4.2553630588e-21
-3.3155571962e-20
2.6413470028e-20
3.4173270368e-20
4.4192197750e-20
-7.9221774649e-20
-1.7813878330e-20
-2.5998461819e-20
-5.9704462110e-20
-1.6816548309e-21
1.0883956969e-21
-3.6269225520e-21
1.4005326179e-20
1.7132083954e-20
-2.0786982461e-20
1.0729065594e-20
-3.3271505050e-20
3.2076480354e-21
5.6641411596e-21
1.1207249756e-20
-2.5755882855e-21
-6.3198988787e-21
7.6626512615e-20
5.7850685860e-20
-2.7992429528e-20
-6.3706211402e-21
1.7212164931e-20
2.4963553856e-20
5.4283435738e-20
4.2364203433e-20
1.5515745254e-21
1.1524509033e-21
-8.5172408216e-20
1.0176192215e-20
-2.5071876864e-20
-4.6142700418e-20
-4.5052962903e-20
-1.8123143780e-20
3.4127780989e-20
2.0615921881e-21
-1.0871833947e-20
-3.8475449414e-22
-4.7409421674e-20
3.8271852017e-20
9.2089977942e-21
2.2257373689e-20
-4.4614283048e-21
-2.9514988213e-20
-8.8248723791e-20
3.7439733166e-20
4.2038181729e-20
-5.4412348401e-20
-5.5271851679e-20
3.6875879992e-20
-5.0424659372e-20
-3.4733418337e-20
1.8931075248e-20
8.7878842615e-22
-1.5049292748e-20
1.3700620748e-20
-6.9786500339e-20
8.0334987903e-21
-1.1102181071e-20
-5.6435150248e-21
1.6283783104e-20
4.6809719904e-20
5.8728889097e-20
3.4439565899e-20
3.5591327931e-21
-4.6558279170e-20
-1.2971506466e-20
-3.1018792673e-21
-3.7600354100e-21
4.8803684942e-20
-6.2985203135e-20
3.7194572453e-20
7.2970314118e-20
1.3095906080e-20
1.1041795484e-20
-1.8233277432e-20
-1.2046204854e-20
-7.1143733096e-21
7.9025978857e-21
1.8848614559e-20
-1.3900563201e-20
1.0037405536e-20
2.7331809031e-20
-2.7243346051e-20
-1.8297520536e-21
-2.0464409279e-20
-2.5309229202e-20
8.1327872801e-20
-4.7908521728e-20
1.3315465846e-20
-1.0486020898e-20
-3.2051084891e-20
-3.2610231901e-20
-4.2792193356e-20
-1.4608509835e-20
-1.8065782757e-20
-2.4246466480e-20
-1.6245118527e-20
-1.6244825850e-20
-3.7065584446e-20
-1.8107090219e-20
-3.5643805963e-20
-2.7689628680e-21
1.4352736635e-20
3.5720520046e-20
7.8496370164e-20
1.5723078604e-20
-7.0693334368e-21
1.0501687907e-20
5.5584487074e-20
-5.9860227501e-21
-4.5275406633e-20
6.6338904947e-20
3.0277590155e-20
9.1865482922e-20
-2.9502908067e-20
-4.1445143291e-21
-4.0603516939e-20
-5.6771987022e-20
6.4986619726e-20
-1.2082806701e-21
2.9169538346e-21
5.7732138069e-20
5.1617807239e-21
2.9559501649e-20
1.2689520787e-20
-5.0253639060e-21
-4.5656824783e-21
-3.2782276545e-20
6.3835544865e-21
1.1898377792e-20
1.7535448766e-21
-7.3267930159e-20
4.0298146496e-20
-5.2458917036e-20
-5.9086141145e-20
2.5394197327e-20
2.0904867393e-20
2.4436568067e-20
-6.0955225056e-20
-6.1377491579e-21
-3.3031229365e-21
6.0469511818e-20
2.2918127201e-20
-2.5717269266e-20
-5.9100934999e-21
-3.1038184034e-20
-3.6973589799e-21
6.6899584298e-21
2.9269792541e-20
-2.7892979945e-20
1.4403457290e-20
-2.4925716097e-20
-1.9529137655e-20
-1.2821103752e-20
3.5300808825e-20
1.6795316303e-20
-1.0365117220e-20
7.5667028457e-20
-3.2674101654e-20
-1.9870523600e-20
-1.0829024086e-20
2.9761162765e-20
-6.5331214893e-20
3.3640124970e-20
-7.3841235461e-20
3.2793636448e-20
2.9822967321e-20
1.6322557438e-20
-5.1895496137e-20
-1.3366993127e-20
7.1073845188e-20
1.4848912568e-20
-1.7721147433e-20
-1.6977725972e-20
7.8940624776e-20
5.9931424667e-20
3.2758973828e-21
-1.1971253004e-20
1.6355292884e-20
-2.4641702301e-20
-1.9667850565e-20
1.1030106084e-20
-3.3966834662e-20
-1.5530905762e-20
-1.2360417921e-20
1.8230179938e-20
2.1863185954e-20
-2.9196379869e-21
-2.0289467466e-20
1.9377405665e-20
-2.0220251959e-20
-6.0102215379e-20
-9.8642162540e-21
-3.5572833865e-21
6.7630188009e-20
2.3280334184e-20
-1.7646141107e-20
9.1957818091e-20
-1.0131568292e-20
1.1638957621e-20
2.4016407000e-20
5.0653446461e-20
-2.3742215816e-20
-5.2968161359e-20
8.8052482845e-20
-1.0440978754e-20
3.2460992674e-20
1.7473513925e-20
1.1851748279e-20
6.6047397428e-20
-6.7453064662e-21
-1.6244647316e-20
5.8904733313e-20
-1.2749929886e-20
4.4315331700e-20
-4.4589233138e-20
4.5989597659e-21
3.9780927951e-20
4.8817398487e-20
8.0955766029e-20
2.1706650991e-20
2.8589983382e-20
8.5317112664e-21
-1.2325055772e-20
-2.5980862350e-20
5.3507840848e-21
-5.5876989629e-21
4.8389005399e-20
-6.0905107497e-21
4.6090467950e-21
-4.1701428351e-20
-2.6971970951e-20
3.5103662028e-20
-3.5095683208e-20
4.8352836288e-21
-4.4934680651e-21
-6.0165479481e-21
-2.5691060672e-20
-1.5838178229e-20
-8.6956937086e-20
-4.0526728332e-20
8.0785596028e-21
-2.2524233063e-20
1.3060711117e-20
-4.3380518077e-20
-3.9297528081e-21
4.9592697429e-20
5.1640878188e-20
4.4107270091e-20
-3.9532268509e-20
-4.0824943958e-21
-3.5451942858e-20
-2.2705962786e-20
-2.1341000688e-20
-7.7584295593e-21
-2.4624787302e-20
-3.6325110126e-20
6.8812078795e-20
7.7669579545e-22
-2.7303638277e-20
-7.8296672318e-21
2.7682439361e-20
-8.6858306691e-20
-3.7741045612e-20
-3.0333082569e-20
9.3527395957e-20
-4.7422225444e-21
-1.2442522096e-20
5.1906170238e-20
-2.4630517491e-20
-6.2895714768e-20
4.0715710479e-21
-3.7772978146e-21
1.5613548956e-20
1.1903252976e-20
5.3471024167e-20
3.0328209865e-20
-3.3570861072e-20
-4.2618871061e-20
-7.8666932306e-21
-1.0118090810e-20
2.0916264025e-20
-3.6612228491e-20
6.0020105028e-20
-4.2168045447e-20
7.2568383887e-20
3.9375805935e-20
-2.0230752769e-20
-2.5295138024e-20
2.9278441375e-20
-1.0728627050e-21
6.9658194349e-20
2.3084307870e-20
3.9571684368e-20
-2.0094288048e-20
1.8385157028e-20
-9.6357009316e-21
5.6083172217e-20
-4.7769217541e-20
-4.9626778220e-21
-7.6187113715e-22
-3.4387036583e-20
-1.1096729471e-20
6.4754414967e-21
3.0797522346e-20
1.7989121194e-20
4.7919873345e-21
-6.5544627070e-20
-1.3558788614e-20
-2.0116643352e-20
8.8284855917e-21
1.2890585091e-20
-1.2798860517e-20
-2.8921536010e-20
-2.4855201650e-20
3.6486295812e-20
1.5464107843e-20
2.6903545228e-20
2.1137256263e-20
-2.4096567636e-20
-4.5947612749e-21
-5.3919961791e-20
2.0706626006e-20
8.4107208679e-21
-3.1903436332e-20
-2.4723104595e-20
-2.9944611316e-20
2.2754584039e-20
6.9460189311e-21
3.2715622711e-21
1.2892479633e-20
-1.4422316043e-21
-1.3871836792e-20
-6.1542857764e-20
-7.0972027017e-20
-2.0071734292e-20
3.9263966448e-20
-5.7005462414e-20
-3.9015611959e-20
7.4323491093e-22
-4.3463654093e-22
4.2617525276e-21
-6.4854991228e-20
2.0728075869e-20
-1.0462751181e-21
-1.4333947807e-20
-1.1089228166e-19
2.6003265364e-20
6.2035009413e-21
-8.9300687629e-21
9.4510090118e-21
-8.8613448456e-21
-1.7875340727e-20
-4.2477864839e-21
-3.8987832856e-20
2.5158770536e-21
-4.0876274057e-21
-1.8555880166e-21
2.0502618931e-20
-1.8411214011e-20
-1.1656599697e-20
2.7382478185e-20
-1.9418136459e-20
7.0236552301e-20
4.7580123295e-20
-2.3554279364e-20
-3.8461197872e-21
6.7126876901e-20
2.1197212184e-20
1.2056844073e-20
7.1715456554e-21
-2.7788302494e-20
-3.3981937515e-20
-9.5181820147e-21
3.0635647400e-20
9.8488447343e-21
-2.2355955563e-20
-1.4449261755e-21
3.0953114957e-20
2.5160289872e-20
7.1754356796e-21
-3.1611743253e-20
-4.3304428516e-21
-5.5154031991e-20
2.8236288634e-20
-2.6633796133e-20
-6.1114144105e-21
1.3113104625e-20
-2.0224010350e-20
1.8641839454e-20
6.9126471636e-20
3.5551877222e-20
8.0032378940e-21
-6.2699557294e-20
-2.3033946769e-20
-1.5327702338e-20
-1.7658837289e-20
-1.3446357001e-20
2.4677931788e-20
-3.1121707358e-20
4.9885209586e-20
-3.9111455337e-20
-3.2022537409e-20
9.3908614887e-21
-4.0492609740e-20
-4.7983595287e-20
-4.3091365376e-20
-1.5404055522e-20
4.0857005925e-20
4.1239424048e-20
4.9394273505e-20
-5.9352249438e-21
1.4233267614e-20
-2.9791794035e-22
2.6242503676e-20
-1.3636471600e-20
3.0154044105e-20
-2.2981577985e-20
1.6744309670e-20
-3.5718526859e-20
2.0986739878e-20
-2.2098671707e-20
3.7265106568e-20
2.2108605416e-20
